9.611742328584624850e-01
9.777826497163165653e-01
9.667532946103971625e-01
9.580836657492695085e-01
9.893161846689413341e-01
9.584132983484588975e-01
9.478415860628539580e-01
9.695310234054230758e-01
9.836077707088844990e-01
9.845830846687955162e-01
9.711162846104040014e-01
9.648910288000132063e-01
9.702469554909619598e-01
9.739637865820459650e-01
9.794739603421542817e-01
9.854132763550808027e-01
9.911935894668214564e-01
9.887160748126163634e-01
9.857437553694269328e-01
9.853552199739028516e-01
9.918616668363801070e-01
9.912663232655740675e-01
9.880158337450780648e-01
9.894989477834307268e-01
9.948893000910691287e-01
9.870640344395902321e-01
9.859498921773989233e-01
9.944221830918865690e-01
9.751362495571955780e-01
9.287511203392107006e-01
9.177816039312207685e-01
9.836215650358368645e-01
9.702616615876871187e-01
9.739927591220879366e-01
9.683276514295809934e-01
9.945499238919993656e-01
9.668456458271185161e-01
9.831025233987834566e-01
9.610336787164402983e-01
9.829809839489102030e-01
9.714113307261542651e-01
9.827142307425428269e-01
9.755751582825623602e-01
9.685917573513233014e-01
9.669195417358419364e-01
9.929623621163788938e-01
9.488473335881253412e-01
9.271912313845113163e-01
9.095023272522877456e-01
9.625108376950149980e-01
9.214855806512060044e-01
8.878925118925679039e-01
8.175567459294718065e-01
9.674879314010110809e-01
9.371256493754448469e-01
9.594660826191638847e-01
9.525258141312960003e-01
9.201381344899445258e-01
8.874401658440023155e-01
9.567949891303180188e-01
9.321021108000586697e-01
3.673997751243042731e-01
9.556141510725900678e-01
9.666811142923474875e-01
9.546491545194706330e-01
9.356472114883208624e-01
9.209218738550045691e-01
9.419108645167766358e-01
9.410021652828989280e-01
8.835078368145686811e-01
8.945878001665250601e-01
7.946629835957693677e-01
8.565975068601728859e-01
9.325978050781768003e-01
8.989880725620633672e-01
9.563929738528756941e-01
9.860379301009863928e-01
9.309901527675799038e-01
9.475057619612943238e-01
8.692031525450817364e-01
9.303468922225344162e-01
8.192832553453849309e-01
9.401239966646686153e-01
9.289128611066644892e-01
9.301082860653504536e-01
9.061850302562689530e-01
8.795183258535654858e-01
9.712409340620442588e-01
9.520991022703774176e-01
8.809477143086442696e-01
9.159037323100116534e-01
9.587762250037248357e-01
9.281970990289676315e-01
9.833860812917128991e-01
8.238698387739894491e-01
9.553148558201207674e-01
8.478585021391903398e-01
9.711239725696414471e-01
9.788858425325679402e-01
9.772315899939499895e-01
9.821886059277986636e-01
9.133961355961142115e-01
9.606299574994777712e-01
9.858310786597859199e-01
9.277584527389155511e-01
8.359522209781643509e-01
9.894518962303106013e-01
9.608234021502196631e-01
6.745838489222102385e-01
8.179358218062664498e-01
9.474382410120049114e-01
8.211119213107571646e-01
9.447972117971892292e-01
9.270692768436088471e-01
9.068551504518516104e-01
8.763557003121198452e-01
9.188096286699095616e-01
9.534591047260025931e-01
9.495403433548689209e-01
9.521601524065024247e-01
9.380706181547395772e-01
9.287282990342896616e-01
9.380359242774014561e-01
9.904568714788940520e-01
9.774354002360688964e-01
9.695679212029253424e-01
9.886551244705180652e-01
9.161900077951756760e-01
9.754234828068450991e-01
9.809461412889769472e-01
9.881814096721432961e-01
9.932920439786429023e-01
9.873430390792348188e-01
9.522397941869817917e-01
9.516181877263576450e-01
9.536283659072987140e-01
9.973672612024029327e-01
9.805144572688659910e-01
9.823875651526208230e-01
8.971075416080500631e-01
9.519310146961496022e-01
9.670821980214464597e-01
8.150848040702832753e-01
9.207501947596873348e-01
9.512739713224475091e-01
8.930502763616898765e-01
9.274933573870158821e-01
8.832927453410022167e-01
8.310482671792532861e-01
9.650577714579305910e-01
9.779102408314447326e-01
9.359951739947562910e-01
9.209336046221150429e-01
9.075427738814337841e-01
9.404723823918604841e-01
8.517193511163985153e-01
