9.833645776034730668e-01
9.818365418551578960e-01
9.741083286965545041e-01
9.387834967138436459e-01
9.860738284866453762e-01
9.747655785353583902e-01
9.492528101768294979e-01
9.748259791213212955e-01
9.840896089638689892e-01
9.899849229004031859e-01
9.740191985993278401e-01
9.834543738230108190e-01
9.718170738254018337e-01
9.826006781297318415e-01
5.353027621874441033e-01
9.940552201192999204e-01
9.901531323527349437e-01
9.977227197157971794e-01
9.915595805440488020e-01
9.890551528611067900e-01
9.934397210171246329e-01
9.970030948451560349e-01
9.915428883890909928e-01
9.962557502194705483e-01
9.968879689644910558e-01
9.913462204852994120e-01
9.959525366570570748e-01
9.964606870814817219e-01
9.845633876750580216e-01
9.388434947430683852e-01
8.930578191202839244e-01
9.858459951417054556e-01
9.779344278591362016e-01
9.861532156764142298e-01
9.789724178715769609e-01
9.968833904405293156e-01
9.678694013699858933e-01
9.896721848160879853e-01
9.807137614130396752e-01
9.826831411344659761e-01
9.881543612024762391e-01
9.925232848721095014e-01
9.881948989758351232e-01
9.930701485851877175e-01
9.831244988210761093e-01
9.957603229692050251e-01
9.530972023188056808e-01
9.750928702493174560e-01
8.939693351897795015e-01
9.757616289224045891e-01
9.212187038031635078e-01
9.572069085792194176e-01
9.349276957609130578e-01
9.863332621102595121e-01
9.754439050199648076e-01
9.541408920572096442e-01
9.789408581934151421e-01
9.467478892601814966e-01
9.471180089912452083e-01
9.803353878824482281e-01
9.509068824697167743e-01
9.758452098727479207e-01
9.585035165023453319e-01
9.872999566256492887e-01
9.792932671633529651e-01
8.934078784392052164e-01
9.683337205828320693e-01
9.231317460797194840e-01
9.215257822355960027e-01
9.442100107097828321e-01
9.571984927295483780e-01
8.406621062867624117e-01
8.017265831528301856e-01
9.705967150426335621e-01
8.932401671897375328e-01
9.388209949154019407e-01
9.916184145425136487e-01
9.924669020461788227e-01
9.817308207953291399e-01
8.758934284566192163e-01
9.702072855282116715e-01
9.228951685994831733e-01
9.508739056779802468e-01
9.348569749132578099e-01
9.333363627627432324e-01
9.589594158198085916e-01
9.023923582665988041e-01
9.844459855536078496e-01
6.873914050333782555e-01
9.888687134160769610e-01
8.777843224398453881e-01
9.768545136878141744e-01
9.607910227715015239e-01
9.884923496592710190e-01
9.359892888670570121e-01
7.136181458227264240e-01
8.947367075561374339e-01
9.723344858061104823e-01
9.706473761706579939e-01
9.923045462655715188e-01
9.914699270119592400e-01
9.673856734102640464e-01
9.695130468423883707e-01
9.935971755791872528e-01
9.742572293750709767e-01
8.707363756806150157e-01
9.982130762568715010e-01
9.658238258401279364e-01
9.493377623498561180e-01
9.344374746700153667e-01
9.689713297775769396e-01
9.232163332005545175e-01
9.515898134769343875e-01
9.020804735945748831e-01
8.978070729562072083e-01
9.430021932868355439e-01
9.174088008314984499e-01
9.279410984150131547e-01
9.526201624756212016e-01
9.716098261467869257e-01
9.442766945509339926e-01
9.498958796533869542e-01
9.384220137669575523e-01
9.962776423632804246e-01
9.837740104757627391e-01
9.734217926003572163e-01
9.904924008499715882e-01
9.503667426872924873e-01
9.917931376088593431e-01
9.884136727753020102e-01
9.946319566845944760e-01
9.921552643823835504e-01
9.861566703592355987e-01
9.416801903133072971e-01
9.768965245710106160e-01
9.814596024179337297e-01
9.984929630014434121e-01
9.829467556092320590e-01
9.767306450323306466e-01
9.694532952622286759e-01
9.739833642756638987e-01
9.695743661631522903e-01
9.084947316309025522e-01
9.163996322359263536e-01
9.582329459246410330e-01
9.023258150577876391e-01
9.281939078736839432e-01
9.650691618201149291e-01
9.345914060577938942e-01
9.823088408147349071e-01
9.898294819354788165e-01
9.550147509388690059e-01
9.200212485410901309e-01
9.474813034197888673e-01
9.517111444300845324e-01
9.269930700027784187e-01
