8.922025447109986906e-01
9.245630464084318989e-01
8.788285063886830395e-01
8.886700411031401847e-01
9.675639340059214444e-01
8.958824511525372847e-01
8.127469759499473811e-01
9.110579433484117251e-01
9.443201690388969283e-01
9.402520644025867957e-01
9.010902479174497381e-01
8.668317477726722453e-01
8.942858184646517161e-01
8.542451834010195144e-01
9.200756846053675941e-01
9.479800475189241737e-01
9.744938435264978160e-01
9.612225980179074369e-01
9.427430913769024867e-01
9.533570802108405351e-01
9.694850181288823254e-01
9.621813262597931349e-01
9.646718045520715767e-01
9.556473957406711461e-01
9.826259437671144292e-01
9.504965402611076364e-01
9.426890634806776026e-01
9.748321146546560234e-01
9.353568084725121246e-01
7.791546586095630111e-01
7.827141890710328509e-01
9.491378905810869959e-01
8.460933051819539141e-01
9.186284581353376666e-01
9.156468447299320745e-01
9.859668300332365964e-01
8.977844994002406320e-01
9.165518969423275264e-01
8.778683165344990380e-01
9.604664053092891729e-01
9.250336420254514636e-01
9.250411043892731167e-01
9.213308031003722975e-01
8.950329210554315296e-01
8.947868265426257572e-01
9.731821771948950817e-01
7.915969043132470295e-01
7.941916270315145798e-01
7.977908222871219479e-01
8.696741087052173302e-01
7.952660297265803369e-01
7.195754421156989045e-01
5.076536500325599111e-01
8.966880604712678116e-01
8.822194590988772234e-01
8.901406019242290579e-01
8.345392192911974538e-01
6.740436231636832698e-01
6.627183990677033565e-01
8.037016433483391564e-01
8.089058346442965508e-01
8.648473942787108237e-01
8.530268309753091804e-01
8.872372440538405236e-01
8.127024991807708654e-01
8.515478990037248508e-01
7.771708790840163861e-01
8.302186174273410435e-01
8.173108641191355606e-01
6.932352405129372785e-01
7.239920177393405210e-01
6.612229858192918419e-01
7.379010502648944980e-01
8.177522670845187580e-01
6.967306633747231137e-01
7.335453492113953589e-01
9.770520747678398399e-01
7.599615037203860668e-01
8.671990566917993082e-01
7.969927241360429404e-01
7.135624087144920580e-01
5.809939542635057519e-01
7.507825576626209196e-01
7.725379568254021612e-01
7.132634753789616200e-01
7.396295411593215574e-01
7.398198833120276374e-01
9.129059562031196506e-01
8.855339576749458042e-01
5.925418523952575844e-01
7.498977430232256491e-01
8.608927584665885258e-01
8.235085546387939104e-01
9.430350476665345649e-01
2.969196546501618461e-01
9.282569705709509122e-01
5.742458203789819748e-01
8.883945790794154362e-01
9.420089313890440685e-01
9.277452056357219368e-01
9.380805738353533707e-01
7.717723410404635498e-01
9.054831501999168752e-01
9.596271864388519202e-01
6.437176237888333485e-01
6.963940755907574998e-01
9.656999754562664018e-01
8.825893473710795245e-01
3.486693709522122320e-01
5.988448352771010841e-01
8.710179098019072974e-01
5.818151658039757423e-01
8.519515045719650015e-01
8.383862057405105928e-01
7.618359705611571497e-01
5.462523641277705622e-01
7.809645846066319841e-01
8.920557341981170119e-01
8.752790191948458531e-01
8.301940432425772842e-01
8.494649554859815543e-01
7.696472674400142155e-01
6.292429430101013077e-01
9.618262021631535097e-01
9.396793031669924412e-01
9.065074111161809389e-01
9.469221739708495456e-01
8.167048559227140236e-01
9.130463485163472503e-01
9.403134296791239022e-01
9.734130973734586023e-01
9.829166795000677803e-01
9.655706124294211046e-01
6.120948891909241407e-01
8.714687034307034841e-01
8.709589922133110784e-01
9.873834099149804144e-01
9.276067073231085702e-01
9.354669450016315224e-01
5.621917750111961043e-01
8.736649686028176154e-01
8.766407315273466727e-01
3.478625495432125514e-01
7.631939740797409888e-01
8.386005083986756148e-01
6.685492081743888981e-01
5.110884433278918282e-01
5.063260498255731656e-01
5.883316535505799250e-01
8.879764062318648010e-01
9.341723883770847170e-01
8.361455471374537041e-01
6.383055544947037196e-01
7.720336745757440111e-01
8.447963352573544249e-01
6.696860237980321040e-01
