7.774232779332458376e-01
6.669720025247484196e-01
7.161482688501770166e-01
6.422118120085349435e-01
8.968316140648373569e-01
8.363156566343546983e-01
5.478626623887706826e-01
7.539889430225108491e-01
8.666099514357192835e-01
8.315358793635949652e-01
7.332077170504172070e-01
6.576642544710169513e-01
6.193315939959334049e-01
6.141475678695726970e-01
7.185891868404862270e-01
8.548975475355893305e-01
9.220069567974642499e-01
9.136632871040348824e-01
8.141060209362711575e-01
9.014568251445203018e-01
9.044939461270378178e-01
9.144368640257281022e-01
9.102271386941948039e-01
9.003019988391689488e-01
9.371327926087905658e-01
8.422206488573948935e-01
7.861769723275410238e-01
9.089583677587470545e-01
8.532116718896967100e-01
4.896144375970955531e-01
5.846418428464565942e-01
8.991693427104323622e-01
7.126793408756965098e-01
8.239277575464700742e-01
8.212339350438834229e-01
9.619355250014406389e-01
6.488090732319606868e-01
8.327755321378963460e-01
7.177120094662567951e-01
8.983610547884388620e-01
8.270021340111555208e-01
8.265188255024832342e-01
8.231816734947737801e-01
7.828235010639740254e-01
6.176376088616234439e-01
9.090533158547462467e-01
2.122496310621823645e-01
6.301225447755298692e-01
8.685881936601273215e-04
5.434519985260222175e-01
5.302371940041205045e-01
5.306063729839148868e-01
3.625231380302241235e-01
7.900178044218376661e-01
8.278954986382349723e-01
8.150719315778967022e-01
5.908677506126188694e-01
3.180611540120991676e-01
4.987097363268396810e-01
3.620140085136310804e-01
6.071285547423805884e-01
6.077906951266800473e-01
6.388519816325342049e-01
6.864187949595824678e-01
5.279603467735687339e-01
7.075868990514957435e-01
5.748881593487491504e-01
6.369900510649242342e-01
4.944427727074438006e-01
4.692257329372433450e-01
6.313848971749118633e-01
5.495432431652778060e-01
5.910026979391072022e-01
2.282598423023786127e-01
5.351218944467315275e-01
4.744270161198710367e-01
9.416544082980153885e-01
6.026161116615479374e-01
7.696991069520964235e-01
5.576971111454739338e-01
4.999640776991323143e-01
4.245516316073899010e-01
5.280228674524519716e-01
5.458659238278830150e-01
3.282044208286465370e-01
5.569115965956875636e-01
5.858210303832069865e-01
8.355175503659310055e-01
7.347214828505390649e-01
4.238415225402467068e-01
5.461181245278045049e-01
6.490258476568115942e-01
6.478320566398036995e-01
8.072398742544441008e-01
1.492486039380453988e-01
8.397154662627152044e-01
3.884922077725133094e-01
7.402882468357199763e-02
8.435373192363587735e-01
8.605321658482024683e-01
8.495696518098456718e-01
5.923751954263065667e-01
7.406546541634135838e-01
8.971493950322826372e-01
4.179052469962054039e-01
6.211068474635204062e-01
9.235861800041202940e-01
7.003667526220632711e-01
1.825047773186926348e-01
4.540724239067325807e-01
6.979675941432320618e-01
5.620287916277654228e-01
7.247804897913350253e-01
7.304297245909326941e-01
5.356768949592739526e-01
4.486429437394844899e-01
6.028921323851410552e-01
8.234880796567433103e-01
7.529861619807924900e-01
6.037091193852499593e-01
7.232974764565436310e-01
6.922303975023014200e-01
2.509329758253006637e-01
8.917247051714449757e-01
8.681971705903640535e-01
7.624149751928434027e-01
8.491967920682707005e-01
7.005507033701180442e-01
7.944277349558187540e-01
8.790200972549542247e-01
9.418617804002408223e-01
9.443266547351676365e-01
9.134461720569825305e-01
1.999666034154508887e-01
7.508238155535892355e-01
7.501436712725375600e-01
9.575065590695677198e-01
8.047925276166183473e-01
7.171088583981133358e-01
4.036279280145337878e-01
7.612332405817702208e-01
7.230086167486238224e-01
2.055572309871991077e-01
6.137182206871877321e-01
6.388339775222472428e-01
3.959858381624777879e-01
3.717532308396340746e-01
2.570509234126227560e-01
3.749884170255443072e-01
6.958864452744254470e-01
8.624427353516546102e-01
6.324135242152834069e-01
2.808151014169947279e-01
6.155910469582340783e-01
7.536771960946890836e-01
5.537845186408719700e-01
