9.571642672449705014e-01
9.417627698175792261e-01
9.381585169196183793e-01
8.107997365914881849e-01
9.165418192769663186e-01
9.377893844970348614e-01
8.790070178816000723e-01
9.449557942203231642e-01
9.532827852793614998e-01
9.766544500018405905e-01
9.239758451311761434e-01
9.633433211983689626e-01
9.323653601738266516e-01
9.168756437237662871e-01
5.175686716671246135e-01
9.828335606112459377e-01
9.739321787683905551e-01
9.945635569435566925e-01
9.771453621226088293e-01
9.685387435408163714e-01
9.668663537486944515e-01
9.913546276303204507e-01
9.821437170533986460e-01
9.883233223482559282e-01
9.936562772014722045e-01
9.784034959992599090e-01
9.893612554153343730e-01
9.907707385423618618e-01
9.681231745804005362e-01
8.479794896320531628e-01
7.319035223453956851e-01
9.549819253105576999e-01
9.416154164205785548e-01
9.516305346272919685e-01
9.410402251006272367e-01
9.928235337902964197e-01
9.238809873060653821e-01
9.436324354400683623e-01
9.499413492714122720e-01
9.358889703843605856e-01
9.800850589316617567e-01
9.806752083024616873e-01
9.754146988410568042e-01
9.799392530816516400e-01
9.642392063534998004e-01
9.871205630575697887e-01
8.867885689350112344e-01
9.357885872649039927e-01
2.129701902938295199e-01
9.374977245436860729e-01
8.630496130428502166e-01
9.068914787771958919e-01
8.192824172408444960e-01
9.740300893928363068e-01
9.376497401925752984e-01
8.936027446490674153e-01
5.435501773833414374e-01
8.562306122573212219e-01
8.863888445635215163e-01
9.206694429159019144e-01
8.879713712796252212e-01
4.043659573215130365e-01
5.767002116574224679e-01
9.687272121783959689e-01
9.271131349356185325e-01
3.329517382099310696e-01
9.295468340898547233e-01
4.137325342366182102e-01
4.412169824233493354e-01
8.825150316207694967e-01
6.972710177776084706e-01
3.140994068168594944e-01
3.064295211690847287e-01
7.742086158073777646e-01
6.061499539620119892e-01
5.743813880735449962e-01
9.310658934163701383e-01
9.409879019848118586e-01
8.002368271712918535e-01
3.475854887316602859e-01
9.076882836635167262e-01
8.049998831061457860e-01
8.351634655497613968e-01
2.959892081360441241e-01
3.839839338365392818e-01
3.502278870204921235e-01
7.672053791173709669e-01
9.169192184088647002e-01
5.343455771618702554e-01
9.529594657444073746e-01
3.907203509016092258e-01
9.449975255760924009e-01
9.102073036326284727e-01
9.735585651119830208e-01
5.681992992989126634e-01
3.711951423125808835e-01
4.157698347947199613e-01
9.393653582897372178e-01
9.165545442434531731e-01
9.300685499139010881e-01
8.742360187900709567e-01
6.417182183470757639e-01
9.272797634647864662e-01
9.727204979120673833e-01
7.843044040834624697e-01
2.126880224488617854e-01
9.870016404406094512e-01
9.030737844963382388e-01
5.557112619631519035e-01
8.397950014283533937e-01
9.283710915908279793e-01
7.100613430060356279e-01
8.892981516479846471e-01
3.939341000695074091e-01
7.810946288643075830e-01
8.697827873856530667e-01
4.815473175826462948e-01
7.831367620955755893e-01
8.834103904325579792e-01
9.394765921489762750e-01
7.961786920533954204e-01
7.007486395707300808e-01
7.935764874808350910e-01
9.735164511909958351e-01
9.106768042748382141e-01
9.164182900961200806e-01
9.746688316876477298e-01
8.477592097585683328e-01
9.718855774631546263e-01
9.682687255368863655e-01
9.430543176998026356e-01
9.596635246667184482e-01
9.514708881690235875e-01
8.052185571577549217e-01
9.494307763677023448e-01
9.642832904356274382e-01
9.958882347881143904e-01
8.209092175522019197e-01
9.518083287485921140e-01
9.319851708951174540e-01
9.096617170937657537e-01
9.168959998622679963e-01
8.025982374751557957e-01
7.655185754731719250e-01
6.975115103060173238e-01
6.479213608416826142e-01
6.107223695073139558e-01
9.086393052788709346e-01
6.345569493233884639e-01
9.337674168836087585e-01
9.755074916864628909e-01
9.034579303207467271e-01
8.157811875165387194e-01
8.586003780210001990e-01
9.006080330900368969e-01
8.219673863896372890e-01
