-1.122473244444449847e+01
-1.115806044444434519e+01
-1.109138844444487404e+01
-1.102471644444472076e+01
-1.095804444444456749e+01
-1.089139644444435362e+01
-1.082472444444488247e+01
-1.075805244444472919e+01
7.175275555555117535e+00
7.241947555555270810e+00
7.308619555555424085e+00
7.375267555555637955e+00
7.441939555555109109e+00
4.760841777778296091e+00
4.827489777777827840e+00
4.894161777778663236e+00
4.960833777778134390e+00
5.027505777777605545e+00
5.094177777778440941e+00
5.160825777777972689e+00
5.227497777778808086e+00
5.294169777778279240e+00
5.360841777777750394e+00
5.427489777778646385e+00
-1.114556044444384497e+01
-1.107888844444437382e+01
-1.101221644444422054e+01
-1.094554444444406727e+01
-1.087889644444385340e+01
-1.081222444444438224e+01
-1.074555244444422897e+01
-1.067888044444407569e+01
-1.061223244444386182e+01
-1.054556044444439067e+01
-1.047888844444423739e+01
-1.041221644444408412e+01
-5.612216444444356966e+00
-5.545544444444203691e+00
-5.478896444443989822e+00
-5.412224444443836546e+00
-4.945544444444067267e+00
-4.878896444443853397e+00
-4.812224444444382243e+00
-4.745552444444228968e+00
1.321119555555924308e+00
1.387767555556138177e+00
8.559995111111106780e+00
8.626667111111089525e+00
8.693339111111072270e+00
8.760011111111055015e+00
8.826659111111098355e+00
8.893331111111081100e+00
8.960003111111063845e+00
9.026675111111046590e+00
9.093323111111089929e+00
-1.198165555555578976e+01
-1.191500755555557589e+01
-1.184833555555542262e+01
-7.314999555555687039e+00
-7.248327555555533763e+00
-7.181655555555380488e+00
-6.381663555555405765e+00
-6.314991555555252489e+00
-6.248343555555720741e+00
-1.514991555555525338e+00
-1.448343555555311468e+00
-1.381671555555840314e+00
-1.314999555555687039e+00
-1.248327555555533763e+00
-1.181655555555380488e+00
-1.115007555555848739e+00
-1.048335555555695464e+00
-9.816635555555421888e-01
-9.149915555553889135e-01
-8.483435555558571650e-01
-7.816715555557038897e-01
5.085008444444611087e+00
5.151656444444142835e+00
5.218328444444296110e+00
5.285000444444449386e+00
5.351672444444602661e+00
5.418344444444755936e+00
5.484992444444287685e+00
5.551664444444440960e+00
5.618336444444594235e+00
1.115165644444414283e+01
1.121832844444429611e+01
1.128500044444444939e+01
1.195167244444473909e+01
-1.066721066666661955e+01
-1.131195155555565179e+01
-1.060056266666674674e+01
-1.131333511111108692e+01
-1.124527955555549852e+01
-1.053389066666659346e+01
-1.124666311111127470e+01
-1.117860755555568630e+01
-1.046721866666678125e+01
-1.117999111111112143e+01
-1.111193555555553303e+01
-1.111334311111124862e+01
-1.104667111111109534e+01
-1.097999911111128313e+01
-1.091332711111112985e+01
-1.084665511111097658e+01
-1.078000711111110377e+01
-1.071333511111095049e+01
-1.064666311111113828e+01
-1.057860755555554988e+01
-1.057999111111098500e+01
-1.051193555555539660e+01
-9.800546666666491546e+00
-1.051334311111111219e+01
-1.044528755555552380e+01
-9.733898666666618738e+00
-1.037861555555537052e+01
-9.667226666666465462e+00
-4.978615555555506944e+00
-4.267226666666601886e+00
-4.979999111111283128e+00
-4.911943555555694729e+00
-4.200554666666789672e+00
-4.913327111111129852e+00
-2.402774222222092249e+00
-2.336102222221938973e+00
-2.269454222222066164e+00
-2.202782222221912889e+00
-2.136110222222100674e+00
-2.069438222221947399e+00
-2.002766222222135184e+00
-1.936118222221921314e+00
-3.979991111111189639e+00
-3.913343111110975769e+00
-3.845287555555387371e+00
-3.846671111111163555e+00
-3.778615555555575156e+00
-3.067226666666670098e+00
-3.711943555555421881e+00
-3.000554666666516823e+00
1.219992888888896232e+00
1.288048444444484630e+00
1.999437333333389688e+00
1.286664888889049507e+00
1.354720444444637906e+00
3.730545777777933836e+00
3.797217777778087111e+00
3.863889777777899326e+00
3.930561777778052601e+00
3.997233777777864816e+00
4.063881777778078686e+00
4.130553777777890900e+00
4.197225777778044176e+00
4.263897777777856390e+00
4.330545777778070260e+00
4.397217777777882475e+00
4.463889777778035750e+00
2.419992888888828020e+00
2.486664888888981295e+00
2.554720444444569694e+00
3.266109333333474751e+00
2.621392444444381908e+00
3.332781333333286966e+00
6.688048444444348206e+00
7.399437333333253264e+00
6.686664888888913083e+00
6.754720444444501481e+00
7.466109333333406539e+00
6.753336888888725298e+00
9.197217777777950687e+00
9.263889777777762902e+00
9.330561777777916177e+00
9.397233777778069452e+00
9.863889777777899326e+00
9.930561777778052601e+00
9.997233777777864816e+00
1.006388177777807869e+01
8.020008888888810361e+00
8.086656888889024231e+00
8.154712444444612629e+00
8.866101333333517687e+00
8.932773333333329902e+00
7.173342222222800046e+00
-7.862488444444352353e+00
-7.795840444443456363e+00
-7.729168444443985209e+00
-6.862504444443857210e+00
-6.795832444444386056e+00
-6.729160444443550659e+00
-1.462504444443311513e+00
-1.395832444443840359e+00
-2.625044444444029068e-01
4.870831555555469095e+00
6.137503555556577339e+00
1.027083155555601479e+01
2.198336888888775320e+00
2.265008888888587535e+00
2.331656888888801404e+00
2.531672888888579109e+00
2.598344888888732385e+00
2.664992888888605194e+00
2.731664888888758469e+00
2.798336888888570684e+00
2.865008888888723959e+00
2.931656888888596768e+00
2.998328888888750043e+00
8.598344888888732385e+00
8.664992888888605194e+00
8.731664888888758469e+00
-2.139452444444259527e+00
2.460555555555629326e+00
8.727219555555620900e+00
1.072721155555552741e+01
-1.155334133333326463e+01
-9.553325333333248182e+00
-5.220005333333290309e+00
-3.286661333333256607e+00
1.133226666667610516e-01
2.313330666666615798e+00
5.980002666666734967e+00
7.913322666666658733e+00
-1.103249733333348104e+01
-8.365833333333625887e+00
7.008386666665273879e-01
3.500822666666408622e+00
6.367502666666382538e+00
9.034166666666578749e+00
-7.263886222222026845e+00
-3.997222222222035271e+00
4.802785777777785370e+00
8.802769777777939453e+00
1.113612177777793022e+01
-1.076444977777805434e+01
-1.069777777777790106e+01
-9.431105777778157062e+00
-9.364433777778003787e+00
-1.053861911111107474e+01
-4.164449777777917916e+00
-4.097777777777764641e+00
-3.231113777777636642e+00
-3.164441777778165488e+00
-3.097769777778012212e+00
-8.805267111110879341e+00
-4.338603111110614918e+00
1.902222222222235359e+00
1.968894222222388635e+00
3.368886222221817661e+00
3.435558222221970937e+00
-2.338611111111049468e+00
1.128044888888780406e+00
7.502214222221937234e+00
7.568886222222090510e+00
8.768886222222363358e+00
8.835558222221834512e+00
3.061388888888814108e+00
6.861380888888788832e+00
8.728052888889351379e+00
-1.002415866666638067e+01
-9.957510666666848920e+00
-8.290830666666806792e+00
-8.224158666666653517e+00
3.642497333333722054e+00
7.442489333333696777e+00
9.309161333333577204e+00
-1.095750533333318799e+01
-1.135499466666681201e+01
-7.021674666666854137e+00
-6.424169333333111354e+00
-4.557497333333230927e+00
-5.021658666666667159e+00
-1.421658666666871795e+00
-8.241773333330684181e-01
9.091746666667859245e-01
4.449893333330692258e-01
5.116613333332225011e-01
4.178333333333171140e+00
4.775838666666913923e+00
6.575838666666641075e+00
6.111677333333204842e+00
1.071166133333315429e+01
1.130916666666689707e+01
-6.436108444444357701e+00
-4.502788444444604465e+00
-1.694444444443661268e-01
5.297227555555650724e+00
-8.200843999999960943e+00
-8.134171999999807667e+00
-8.067499999999995453e+00
-7.400828000000046814e+00
-7.334155999999893538e+00
-7.267508000000020729e+00
3.265828000000055908e+00
3.332500000000209184e+00
3.399172000000021399e+00
3.465844000000174674e+00
3.532492000000047483e+00
3.599164000000200758e+00
-9.623341333334337833e+00
-7.394716888889433903e+00
-7.328044888888598507e+00
-7.261396888889066759e+00
-7.194724888889595604e+00
-7.128052888888760208e+00
-7.061380888889289054e+00
-6.994732888889757305e+00
-6.928060888888921909e+00
-6.861388888889450755e+00
-6.794716888888615358e+00
-8.090005333333920134e+00
-8.023333333333084738e+00
-3.423325333333195886e+00
-1.328044888888598507e+00
-1.261396888889066759e+00
-3.947328888889387599e-01
-3.280608888894676056e-01
1.976674666665985569e+00
4.071955111110582948e+00
4.138603111110114696e+00
4.205275111110950093e+00
4.938619111110710946e+00
5.005267111110242695e+00
5.071939111111078091e+00
3.710002666666241566e+00
7.843330666665679018e+00
7.910002666666514415e+00
1.007195511111058295e+01
1.013860311111011470e+01
1.020527511111095009e+01
1.027194711111042125e+01
1.033861911111125664e+01
1.040526711111078839e+01
1.047193911111025955e+01
1.053861111111109494e+01
1.060528311111056610e+01
1.067195511111140149e+01
1.073860311111093324e+01
1.080527511111040440e+01
9.443338666666932113e+00
8.920283111111075414e+00
8.986955111111228689e+00
9.053603111111442558e+00
9.120275111111595834e+00
9.186947111111066988e+00
9.253619111111220263e+00
9.320267111111434133e+00
9.386939111111587408e+00
-8.617494666666061676e+00
-8.550822666666590521e+00
-8.484174666667058773e+00
-7.684158666666462523e+00
-7.617510666666930774e+00
-2.417502666666223377e+00
-2.350830666666752222e+00
-2.284158666665916826e+00
-2.217510666666385077e+00
3.715841333334083174e+00
3.782489333333614923e+00
3.849161333333086077e+00
3.915833333333921473e+00
3.982505333333392628e+00
4.049177333334228024e+00
4.115825333333759772e+00
4.182497333333230927e+00
4.249169333334066323e+00
4.315841333333537477e+00
4.382489333333069226e+00
9.982505333333392628e+00
1.004917733333422802e+01
1.011582533333375977e+01
1.018249733333323093e+01
1.051583333333337578e+01
1.058250533333421117e+01
1.064917733333368233e+01
1.071582533333321408e+01
1.078249733333404947e+01
-1.162111644444439662e+01
9.302724444446539565e-01
1.643327999999996791e+00
3.515828000000169595e+00
3.635828000000060456e+00
3.721661333333372568e+00
3.985550222222173034e+00
4.105272444444494795e+00
4.162494666666702869e+00
6.730280444444474597e+00
7.443335999999817432e+00
-9.864455111111283259e+00
-9.797783111111129983e+00
-8.731103111111224280e+00
-8.664455111111010410e+00
-4.331111111111113132e+00
-4.264439111110959857e+00
-4.197767111111488703e+00
-4.131119111111274833e+00
-3.464447111110985134e+00
-3.397775111110831858e+00
-3.331103111111360704e+00
1.535544888888580317e+00
1.602216888888733592e+00
1.668888888888886868e+00
2.268888888889023292e+00
2.335560888888494446e+00
2.402232888888647722e+00
2.468880888888861591e+00
8.068896888888502872e+00
8.135544888888716741e+00
8.202216888888870017e+00
8.268888888889023292e+00
8.335560888888494446e+00
8.402232888888647722e+00
8.468880888888861591e+00
8.535552888889014866e+00
8.602224888889168142e+00
8.668896888888639296e+00
2.332799999976487015e-02
5.556671999999934997e+00
9.423336000000062995e+00
1.122333599999979015e+01
-1.009806622222185979e+01
-5.364714222221664386e+00
-3.631386222221408389e+00
9.686217777784804639e-01
2.701949777778736461e+00
-8.089449777778099815e+00
-8.022777777777264419e+00
-7.022769777778194111e+00
-6.956121777777298121e+00
2.596383555555803468e+00
7.303603111110987811e+00
8.436955111110364669e+00
8.503603111109896417e+00
-3.886103111111196995e+00
-3.819455111110983125e+00
-3.752783111110829850e+00
-2.926394222221688324e+00
-3.686111111111358696e+00
-2.859722222222217169e+00
-3.619439111111205420e+00
-2.793050222222063894e+00
-3.552767111111052145e+00
-3.486119111110838276e+00
8.580552888888632879e+00
9.406941777777774405e+00
8.647224888888786154e+00
9.473613777777927680e+00
8.713896888888939429e+00
9.540285777778080956e+00
9.606933777778294825e+00
9.673605777777765979e+00
9.940269777777757554e+00
1.000694177777791083e+01
9.247224888888922578e+00
1.007361377777806410e+01
9.313896888889075854e+00
1.014028577777821738e+01
9.380544888888607602e+00
1.020693377777774913e+01
9.447216888888760877e+00
-9.361394222222315875e+00
-9.294722222222844721e+00
-9.228050222223373567e+00
-9.161378222222538170e+00
-9.094730222223006422e+00
-3.161378222222538170e+00
-3.094730222223006422e+00
-3.028058222223535267e+00
-2.961386222222699871e+00
-2.894714222223228717e+00
-2.828066222222332726e+00
-2.761394222222861572e+00
-2.694722222223390418e+00
-2.628050222222555021e+00
-2.561378222223083867e+00
3.038613777777300129e+00
3.105285777776771283e+00
3.171933777777667274e+00
3.238605777777138428e+00
3.638613777776754432e+00
3.705285777777589828e+00
3.771933777777121577e+00
3.838605777776592731e+00
8.438613777776481584e+00
8.505285777777316980e+00
8.571933777776848729e+00
9.238605777777138428e+00
9.305277777776609582e+00
9.371949777777444979e+00
