8.593668955715337843e-01
8.706012778361542637e-01
8.382083499977457386e-01
8.422140874184306236e-01
9.523047500160050083e-01
8.727920705948561952e-01
7.297239191880724452e-01
8.704254649032746594e-01
9.274405381772349299e-01
9.102932065136885020e-01
8.680106018669773160e-01
8.131330325534478209e-01
8.183200465330597861e-01
7.732179641372532997e-01
8.593928060508433386e-01
9.377352756696105684e-01
9.635044026141506013e-01
9.614037401398064508e-01
9.127784359677475479e-01
9.374306588817116204e-01
9.670377853566718418e-01
9.701439753240483910e-01
9.658769617572184885e-01
9.580461855469070143e-01
9.831691602879611969e-01
9.183116055133438982e-01
1.582881822572480834e-01
9.517956551234527662e-01
9.115984180484804078e-01
6.698016681208435186e-01
7.057428840350450372e-01
9.532280813421259991e-01
7.667322846813179327e-01
8.910160068046154569e-01
8.880291077992653603e-01
9.581310695059073179e-01
8.016051581644174640e-01
9.336840941909105851e-01
8.257739815195657140e-01
9.535276107249875954e-01
9.030527294167534080e-01
9.448052319969726387e-01
8.931214537352019089e-01
8.917038394178167238e-01
8.190623331412131281e-01
8.964294752029752233e-01
5.630837614510015854e-01
7.396710480108971142e-01
7.487170457357171793e-01
7.394512322472454047e-01
7.147419568748044627e-01
6.530474473579332972e-01
4.185948835580784455e-01
8.630043928994095559e-01
8.594597651727967635e-01
8.558199443358970315e-01
7.624427196818551744e-01
5.076821237686864885e-01
5.730424785210043170e-01
6.609813649879778819e-01
7.367735014111547187e-01
7.833378185392976256e-01
7.807992072461695798e-01
8.149812658866562032e-01
6.942390010877447226e-01
7.900351999746370035e-01
6.987809360444589002e-01
7.663684419837483164e-01
7.191888442020886174e-01
6.050586318801289831e-01
6.597022459405641470e-01
5.236161188232838493e-01
6.586221656123387724e-01
2.550899689799197012e-01
6.824743498008386533e-01
7.264028790548324732e-01
9.617937371242272215e-01
6.837839259131386349e-01
8.231321121095341864e-01
7.245239927272473235e-01
6.035838810907294683e-01
4.713181187519012716e-01
6.597004432537482144e-01
6.901271815761790274e-01
5.622920314515067464e-01
6.618284537945126056e-01
6.433656409093535533e-01
8.882413663198841514e-01
8.516433841429713603e-01
4.969672038783919943e-01
6.705423574393969410e-01
7.959410898083282282e-01
7.638313267614659230e-01
9.100351918965893239e-01
1.769430082360578527e-01
9.008521241783916667e-01
4.614805769725548457e-01
6.184382985398558658e-02
9.123066641442567626e-01
9.134339014788503963e-01
9.242725957563281414e-01
7.035285964833981609e-01
8.698645502307040811e-01
9.340875927210813279e-01
4.875197987717228010e-01
6.697709180637251292e-01
9.398727400656237130e-01
8.409492263231472808e-01
2.232472402448355542e-01
4.815984278496500126e-01
8.208106795543631540e-01
3.639900185146658362e-01
7.944841517595747638e-01
7.819747951345880077e-01
7.159648431440993610e-01
4.185847996107712188e-01
7.099882134353197038e-01
8.504438669821644536e-01
8.280830469847115793e-01
7.533755291329750081e-01
8.067420594368550635e-01
7.260784953997476698e-01
4.397210185666487470e-01
9.508116530191104143e-01
9.200473918603582213e-01
8.680468360720657861e-01
9.201622652815498737e-01
7.771720955601593150e-01
8.937177128814853821e-01
9.244653269435373355e-01
9.826990771699706251e-01
9.727039745978717233e-01
9.529676256999770612e-01
3.757731087909577106e-01
8.267321022344065184e-01
8.318548245087665771e-01
9.662706571118646615e-01
8.956745945542436971e-01
8.834503471212226122e-01
4.561378432993770105e-01
8.402180186382245397e-01
8.256693687138508819e-01
1.749747127321859275e-01
6.835146888771204132e-01
7.799264442410844822e-01
5.470431673059997779e-01
4.208465987315621604e-01
3.610057979994753530e-01
5.026513392725032725e-01
8.054381890249409093e-01
9.099421658228058485e-01
7.818077524045921045e-01
4.598520560556519365e-01
7.177598526889367170e-01
8.052040030312130892e-01
5.683316552445452086e-01
