8.090419497128712445e-01
8.109546010957940920e-01
7.937515852825937079e-01
6.679923228925569445e-01
8.994302410700905082e-01
8.318160002620509363e-01
6.750261116025695340e-01
8.604117222523517405e-01
8.669566133945449948e-01
9.284409718831165836e-01
7.508552148591456366e-01
7.069293388968194147e-01
8.138536971037254597e-01
8.142041611021111347e-01
8.386360854189642833e-01
8.703744939161880412e-01
9.267474356105109834e-01
9.089224700871960660e-01
8.570341890701766996e-01
9.213773145731924963e-01
9.116875140317326487e-01
9.093018476180581011e-01
9.278538960819324721e-01
8.933213713444509985e-01
9.366227592981741790e-01
8.856802754036313674e-01
9.029367443326880016e-01
9.432210036974376655e-01
8.831560356156322733e-01
6.421617219570181501e-01
7.347719665504472975e-01
9.167143376689684819e-01
6.982293740216088951e-01
8.566932189687438415e-01
8.461848366746609340e-01
9.638298175797708200e-01
7.402291315313718201e-01
8.101472692730868896e-01
7.451919898409500309e-01
8.819370812075691957e-01
8.518167550671019717e-01
8.337892129231672111e-01
8.762801018425769861e-01
7.978578700946363789e-01
8.302223636613883517e-01
9.307650030446328326e-01
5.837581357404511007e-01
7.713845635352847285e-01
4.091160670053750614e-02
6.924449754357530074e-01
7.425654148112769137e-01
6.741543859919689741e-01
5.067236120688772827e-01
8.109071240046968887e-01
8.348276726709308315e-01
7.311382614824881720e-01
6.674361340907267737e-01
5.874034837162568357e-01
6.088766225109242258e-01
6.775742964388574707e-01
7.798124143783569107e-01
1.050935632427423688e-01
8.084133801604787006e-01
2.837264056828851799e-02
6.943032095090502231e-01
8.074653089221797142e-01
7.446294488799102274e-01
7.438567061578277295e-01
6.758071615706926494e-01
5.656226865142696125e-01
6.702898690765739520e-01
6.273783209873784461e-01
5.581387289494544879e-01
2.337332429278131396e-01
5.178570821345803710e-01
4.440472301277224587e-01
9.042606472125450656e-01
7.171091768836826974e-01
8.047552190524506210e-01
7.192643736551416200e-01
6.288331807933846829e-01
6.487738163373697464e-01
5.379385564664360686e-01
6.312269349147903164e-01
4.989500721261100336e-01
6.057091633968745281e-01
6.427853194146391225e-01
9.065830206251217493e-01
8.413803280980370891e-01
5.250749314887590558e-01
6.474476803205692077e-01
7.332399045031626761e-01
7.451053656250687940e-01
8.591124897931023963e-01
4.082556163717142583e-01
6.853253120570393930e-01
4.559522636851561783e-01
5.397253607039048662e-01
8.827729060847523401e-01
8.667465747771654350e-01
8.787251087310843367e-01
6.935132965732134780e-01
8.450721039043137539e-01
9.271671422645550997e-01
5.273500100568254689e-01
6.964555864286798847e-01
9.480740223000087008e-01
8.707807408811439887e-01
3.682757380360406896e-01
5.766322851780183445e-01
8.130661925996377493e-01
6.123790079484134896e-01
7.210997027905091672e-01
6.407919047157124570e-01
4.916047598398248786e-01
4.663032910024075273e-01
5.272157247960626014e-01
6.529871247392456945e-01
8.094625051508264058e-01
7.969597483493737755e-01
8.254296032612145062e-01
5.839619849031650878e-01
6.021466598372507972e-01
9.192112076005696242e-01
8.855229329604159538e-01
8.755383276682845439e-01
8.824198067678901136e-01
7.772683798281042611e-01
8.337333825435429002e-01
8.793266684530562927e-01
9.372978251933855587e-01
9.391848469300660973e-01
9.187266273013096063e-01
4.608342712736817615e-01
7.948412247135500097e-01
7.851877925066694797e-01
9.694750892597260306e-01
8.907106634527064415e-01
9.009805565308862674e-01
4.738720119508719186e-01
8.278122337362178174e-01
8.304785356461594770e-01
2.241341661870354940e-01
5.424902647753531149e-01
5.223854634499447425e-01
3.848196302541758151e-01
4.015501220549785311e-01
4.649169000503841076e-01
5.439955755678554938e-01
8.511834685393820932e-01
8.962631840439412301e-01
7.996984714012079776e-01
5.415819098284087030e-01
7.334433879776407483e-01
6.750544055297308388e-01
5.593215286134334274e-01
