8.093393837960203285e-01
7.696581762658292192e-01
6.586399826713291716e-01
6.180322573195077274e-01
5.900333444699575880e-01
8.435139050835284147e-01
6.275057817337661437e-01
8.009592576640003347e-01
5.759843776983681884e-01
9.204360781878860864e-01
7.395843420915538813e-01
6.933341858465124075e-01
7.441659179296925553e-01
7.095875547960526220e-01
8.321544752686147461e-01
8.666084538600922205e-01
9.276354435914304641e-01
9.108792682762536508e-01
8.473300866149930943e-01
9.197292330597967025e-01
9.060634481165606990e-01
9.127483475883048092e-01
9.234511858351697189e-01
9.010042247775696955e-01
9.447589500457520550e-01
8.805943081591521837e-01
8.909205028131532700e-01
9.386200457297921851e-01
8.936422527283882644e-01
6.128680886813935302e-01
6.762785203063328421e-01
9.162003185627223267e-01
7.151956467077450474e-01
8.613190824014002045e-01
8.478458571445315339e-01
9.685613738449737609e-01
7.838017633043499188e-01
5.624611568357116287e-01
7.555503881446026249e-01
8.912260182352590432e-01
8.523114999578663697e-01
8.321465774632680334e-01
8.618026070305035979e-01
7.902984644232695643e-01
8.242109400962107646e-01
9.372089376049451692e-01
5.766740942603220121e-01
7.371913262333962269e-01
1.538854228685375136e-01
7.214125596920955008e-01
6.881725912495685327e-01
6.086449308268712111e-01
5.244826325424949420e-01
7.968148453596334280e-01
8.697890756044038829e-01
6.614550307732862677e-01
6.218823723369500955e-01
5.342622351375565515e-01
6.609554762192678679e-01
5.315191835840554768e-01
7.341884038127631795e-01
7.582279822858087881e-01
7.940660698033404907e-01
1.381877264102959009e-03
7.027608039450851107e-01
7.779584459695894072e-01
6.794834424893607672e-01
6.852924791095217349e-01
6.359611769566306805e-01
5.318774526285142690e-01
6.039087949239084763e-01
6.256780859441548603e-01
5.566828048412738594e-01
2.344705001758280449e-01
5.140397832310745763e-01
4.427860623620256675e-01
9.264472757088515475e-01
6.846934923830384490e-01
8.418150007161041559e-01
6.770560282198438973e-01
6.500448306356531036e-01
6.363699072312875016e-01
5.218696022063531448e-01
5.992102483608275909e-01
5.020138614610025751e-01
6.005062136881014201e-01
6.015380407805076546e-01
7.998696652019853248e-01
7.541402051872734269e-01
5.142428355367077986e-01
5.872351282574317377e-01
6.604385350724454318e-01
6.901216254700904829e-01
8.587661195105436018e-01
4.088849831036953097e-01
6.467926773667289631e-01
4.566408691813705900e-01
2.781016263048022297e-01
7.921133222927787543e-01
8.638878858945382433e-01
8.727384262025231765e-01
4.690977868244760596e-01
8.452832199579005668e-01
9.217174402748535833e-01
6.081036843965643701e-01
6.975454514972763143e-01
9.446363974029436950e-01
8.196876970936128881e-01
3.800791362337376245e-01
5.960443235837152853e-01
7.114865462801582829e-01
6.163307148471793839e-01
6.307267117813414314e-01
6.312236365623218326e-01
4.868338043574436669e-01
4.622872030859649373e-01
5.186193248427213298e-01
5.520185302819834439e-01
7.870875142128479496e-01
7.102612353703188219e-01
8.045297850454372623e-01
5.513530394437107240e-01
5.940357780364666773e-01
9.098918774902570172e-01
8.881069598067982129e-01
8.228949218615859706e-01
8.741588158064548253e-01
7.704501280544072683e-01
8.163077372120162156e-01
8.785064743128695453e-01
9.395444563950391403e-01
9.435509209075739756e-01
9.239758124141043139e-01
4.177571282113238249e-01
6.792876819230473373e-01
7.897158462469709983e-01
9.716508479182657254e-01
7.656475977866773475e-01
8.850657028297416185e-01
4.566220142932437276e-01
7.935191024861294462e-01
7.099119671830731448e-01
2.286207701565605155e-01
5.331098955618596147e-01
5.092630789519820844e-01
3.849405187713891285e-01
4.055106585488928994e-01
4.507406989468125680e-01
4.504012863435890579e-01
8.360005491374974396e-01
8.915568389855395015e-01
7.485662241215434998e-01
5.381104868155415222e-01
6.748568474214698965e-01
5.715996189277373629e-01
5.607663269745783996e-01
