8.245850459159258516e-01
7.939979628720357230e-01
7.663500578982532785e-01
7.456568108831556074e-01
9.321265141738899196e-01
8.502824027795718997e-01
6.310549741992271811e-01
8.132578895438082878e-01
9.034149621146881914e-01
8.644561765792863062e-01
8.129940927765537673e-01
7.324833002659547621e-01
7.012355227675509672e-01
6.724905708489200551e-01
7.872941630363484711e-01
9.052850101086328261e-01
9.471276586555462673e-01
9.446340108781732248e-01
8.696949063396975932e-01
9.157999479650608121e-01
9.470278997333798632e-01
9.511711678728800301e-01
9.444852055032870730e-01
9.360074633986308346e-01
9.696091297008246901e-01
8.804108946031241612e-01
8.087988870013476106e-01
9.307689349390988465e-01
8.838107193813575790e-01
5.682975619148230573e-01
6.393990977796883968e-01
9.383478180746744890e-01
7.407360903854197653e-01
8.599595806136822729e-01
8.532898798639164673e-01
9.645073617813055833e-01
7.308632774778285324e-01
8.906012387991419921e-01
7.787050025914303841e-01
9.404011525353270784e-01
8.742857048132267606e-01
9.012007590265730395e-01
8.513953631590664983e-01
8.478047572890408112e-01
6.911742735263614046e-01
9.094714250642248476e-01
3.322114681836559891e-01
6.932560105276701634e-01
5.490555024850192478e-03
6.406883806470382581e-01
6.036212871025421478e-01
5.756409341021087034e-01
3.838169214687923159e-01
8.220921352279010330e-01
8.505739220501696840e-01
8.104858472445959361e-01
6.574400728644166358e-01
3.802240589471647114e-01
5.306110164016645259e-01
4.402522335931891018e-01
6.575541299688911767e-01
7.002434370551606779e-01
7.078535632351056206e-01
7.364146534863376115e-01
5.993318954716493341e-01
7.519448335349516732e-01
6.066051717289365763e-01
6.773712445908866009e-01
5.731470898208766984e-01
5.013660298316171549e-01
5.901665173088780358e-01
4.522324930896655104e-01
5.820552948516203307e-01
2.182926873927962808e-01
6.160216281761297097e-01
5.669930329059055252e-01
9.807931049990348260e-01
6.298593410661167402e-01
8.013124155289982342e-01
6.577632062900660159e-01
5.407737581252232140e-01
4.395209898781984870e-01
4.787184170427707941e-01
5.765996762937871667e-01
3.321168305007386468e-01
5.804683284843465962e-01
5.793399253354810652e-01
8.460928808243407540e-01
7.946130763926023688e-01
4.469661133556707688e-01
5.790634562675344155e-01
7.054676067290859276e-01
6.969903607501056753e-01
8.659937396376575780e-01
1.470512408674575500e-01
8.674157782176656895e-01
3.402736609807321400e-01
1.180386980468276078e-03
8.735115537331422653e-01
8.927171601319647820e-01
8.871865298916572495e-01
6.433552073959929452e-01
8.091480182973933566e-01
9.188542298363968630e-01
4.465036697833092427e-01
6.562893443456770948e-01
9.297575065483897339e-01
7.548777781265083586e-01
1.920296471444178366e-01
4.176745988851870983e-01
7.497942044466231470e-01
3.420809600990425969e-01
6.827647104503221653e-01
7.079467861275582363e-01
6.329322910048060802e-01
3.293415543028658243e-01
5.996504389313439543e-01
8.107052306067290548e-01
7.768910186901856196e-01
6.378129381062450642e-01
7.627292292110294802e-01
6.810563582481825584e-01
2.735698342441661435e-01
9.210821799458555059e-01
8.973667731910823786e-01
7.947567604714558254e-01
8.793337199859296849e-01
7.362417156096762172e-01
8.452086106988245806e-01
9.077684341830778436e-01
9.715132168188594930e-01
9.636219300062813797e-01
9.357684795640179853e-01
2.102723327955227650e-01
7.739621484079572955e-01
7.917093055772098653e-01
9.687387526858928233e-01
8.422076914834529804e-01
8.002752187061414890e-01
3.661164326144132342e-01
7.966256537187467179e-01
7.407128598128672747e-01
1.519432547386977694e-01
5.706228429684920833e-01
6.796364887877799354e-01
3.973420449595821413e-01
2.813735216397845740e-01
2.843345416240012913e-01
4.296599248886505684e-01
7.288929914548444300e-01
8.850585959691767979e-01
7.055559447803491091e-01
3.268223738141139423e-01
6.506985888688298081e-01
7.389252113759599006e-01
4.816343199723885915e-01
