7.830411133900532228e-01
7.354927871440493092e-01
8.414358749673440663e-01
7.601976190500029373e-01
8.851334144780396151e-01
8.348092854771573812e-01
6.998436208429189564e-01
8.312956561728613858e-01
8.566494115878736659e-01
8.948665964234403525e-01
7.243665648991295392e-01
6.652320066131376386e-01
7.529530185623662941e-01
7.313497563279817149e-01
7.604918883199192070e-01
8.374329528155886049e-01
9.127838619590608049e-01
8.918658736296644074e-01
8.401109131314187239e-01
9.172997340550014256e-01
8.871647498402635001e-01
8.876999347829220843e-01
9.038070674204728983e-01
8.772768866424153211e-01
9.120577275301585685e-01
8.669942882228297565e-01
8.757092681510801890e-01
9.209384954727832806e-01
8.684308337604490502e-01
6.581910519496629863e-01
7.364090695890100902e-01
8.868332617058263256e-01
6.941456928372542468e-01
8.446888333191420184e-01
8.417763090789919245e-01
9.554291226103398538e-01
6.196318980571290380e-01
7.902874026220392256e-01
7.164546164799476813e-01
8.612248800862112308e-01
8.340726373331921462e-01
7.917852114656706020e-01
8.593156901952679894e-01
7.679299487258935963e-01
7.894761055648985559e-01
9.097485675653238513e-01
3.000520996060857537e-01
6.873987265534864388e-01
2.090383021607599145e-01
5.436637783654544309e-01
7.099862876731758421e-01
6.880759074057223312e-01
4.036616950844428287e-01
8.093207835329865318e-01
8.102395676119372725e-01
8.344846455322221246e-01
7.386376903841623820e-01
5.057023532582799463e-01
5.234604151664602467e-01
6.852442059061109036e-01
7.524526662538005839e-01
1.141805282704770955e-02
7.311203593859836314e-01
2.834437473656343034e-02
5.815375836621664574e-01
7.192255224756367582e-01
7.567033001121128422e-01
7.898748078453270427e-01
7.192582169073551412e-01
6.149028084651094739e-01
7.077958242575674852e-01
6.285092683477973008e-01
5.697543398646794932e-01
2.319025649060615646e-01
5.226287076442325263e-01
4.510964423390897426e-01
8.821544853423333166e-01
6.582740016438689556e-01
7.628235787657506872e-01
6.582583300362684353e-01
5.521932393429900277e-01
6.189710087469556532e-01
5.766167100065324735e-01
6.939802397303788117e-01
4.787429827694155149e-01
6.147111912256523203e-01
6.973620562285585134e-01
9.111533277393556451e-01
8.255921771211637283e-01
4.618988114918683996e-01
7.197520661681408027e-01
8.032031099715513101e-01
7.884052487827647449e-01
8.347095885051716291e-01
2.956130893242979174e-01
7.773623517565297902e-01
4.533513420565678520e-01
6.957615014371254514e-01
8.780609150319632628e-01
8.568227150737739439e-01
8.606772410832039810e-01
6.419523804144413592e-01
8.143263342603540567e-01
9.034406342786532873e-01
4.128537305202840679e-01
6.508643429821004966e-01
9.293729306749501928e-01
8.037472199235046189e-01
2.487350667537805149e-01
5.242093524252198211e-01
7.981776069840749166e-01
6.065580767116955929e-01
8.202927445957695074e-01
6.798078290330790141e-01
5.043445608288060766e-01
4.666973310153645915e-01
5.563929048240067177e-01
7.868149593004201137e-01
7.914417305102640077e-01
8.133908129285715161e-01
7.905950779673380779e-01
6.650159246272975277e-01
5.946005490762229506e-01
9.050056119269314081e-01
8.762826101379284083e-01
8.625232655795275205e-01
8.744524341738542095e-01
7.599623304612407315e-01
8.145008639335243883e-01
8.711021476905447258e-01
9.236106884192346600e-01
9.236801281435933486e-01
9.134768271582568433e-01
4.796541672823912972e-01
8.077435317152014127e-01
7.716290600402704314e-01
9.502253656180013053e-01
9.026141495690821470e-01
8.391419486811461104e-01
5.233822061463162534e-01
8.150629308255312733e-01
8.518084799354442849e-01
2.230305167464165517e-01
5.706189418355119836e-01
5.542445974573544376e-01
3.938048677936616393e-01
3.896756342170977216e-01
3.641615772603898349e-01
4.604063021017767987e-01
8.121958195910455869e-01
8.819156955469394932e-01
7.489208953262672663e-01
5.127560787971486844e-01
7.462110114222935131e-01
7.878116084411541653e-01
5.596419011089668327e-01
