8.481723070048798885e-01
8.323597489104245239e-01
9.007369934538758116e-01
8.175566568442943494e-01
8.420052908098345501e-01
9.069067510263008058e-01
8.503838945379911252e-01
8.223617515020826829e-01
9.126333352751404560e-01
5.377357972080197834e-01
7.858426516100730508e-01
6.810203811955725106e-01
8.287150031889923829e-01
8.964487732390321595e-01
7.004803292844616891e-01
9.094436122657131305e-01
8.899610620061271238e-01
7.945617108903987313e-01
6.338769537817745547e-01
8.428191560147112460e-01
9.492277845446601692e-01
5.683974290968635268e-01
5.835458784804022914e-01
6.715722855745084319e-01
6.650778298456700988e-01
6.638712552671823808e-01
6.053345969705838936e-01
9.507684083764047500e-01
9.029899216822935282e-01
9.151927734810616499e-01
6.857949145880412045e-01
8.783738906259801471e-01
8.237421471677464080e-01
9.013528593013687695e-01
5.335525735409490933e-01
8.201232343843133377e-01
7.726515189843258247e-01
9.581421177742605044e-01
7.071128244228092052e-01
8.357475839636522297e-01
4.195227265525587890e-01
8.241907855926030591e-01
8.573929219360246767e-01
9.549573003257950665e-01
5.343352355141368637e-01
6.371573490195739931e-01
7.553938446451881061e-01
7.766423604192114194e-01
7.599471700899432802e-01
9.124473708011813233e-01
7.568499847250026447e-01
7.142230025692236639e-01
8.321952705493460556e-01
8.491785442409244267e-01
7.895298022204019217e-01
7.668700389362648195e-01
8.441736153511576468e-01
8.343903530531139312e-01
5.700837687899538153e-01
4.365029633970327061e-01
8.085373006275781149e-01
6.601486526145319278e-01
6.842439686053517489e-01
6.940200642414692256e-01
6.520072015042958080e-01
6.751453994497754740e-01
7.486452141829308404e-01
8.817556689392763714e-01
7.657808356264108607e-01
7.931084904299883220e-01
8.203566824821946213e-01
8.313129414752890023e-01
8.444609446517725715e-01
7.675254052067216337e-01
7.544794551459198528e-01
6.671043261943634395e-01
6.217022704838114366e-01
6.703451452448281334e-01
6.926203135739839034e-01
1.343788378817370802e-02
8.619778792398408163e-01
8.513263521643348319e-01
7.900827893662890622e-01
7.834392468166064827e-01
6.831973920334739603e-01
7.864348633461228921e-01
6.824617376433258498e-01
6.603533436711481741e-01
6.668367006454982704e-01
7.390096307236340145e-01
5.471029603255890272e-01
5.279892813720822309e-01
6.278941896803554856e-01
6.200910421310065201e-01
5.840068333753033469e-01
5.212828442816219709e-01
5.131648644904944767e-01
5.021997158583703103e-01
6.460343973242880233e-01
9.210153626472397104e-01
4.268827875556984730e-01
9.159331332522318014e-01
6.035998636931545480e-01
6.304031387025378352e-01
5.467298208862257924e-01
2.781629126672744649e-03
5.222279446663576907e-01
5.282229955977209013e-01
5.174981292596934068e-01
3.051512687388369116e-01
4.946135209364420637e-01
9.615136866104584401e-01
5.099504411253670266e-01
5.261932379867476639e-01
5.334999297875827606e-01
8.815993996834208257e-01
8.862448169882415350e-01
8.427512402953660775e-01
7.665154771453068783e-01
9.611880412086782899e-01
6.864012193746561463e-01
5.794663666574999539e-01
6.325182910130497937e-01
4.465524715576171255e-01
4.877773343282296725e-01
5.809136471102352983e-01
6.250404373674847136e-01
8.743335743437476992e-01
5.580212192462615794e-01
7.472307912520069761e-01
6.440335345919594445e-01
5.421318470755531749e-01
4.885563296303788161e-01
5.494030944276133699e-01
6.738074380843572797e-01
5.882209866087194650e-01
6.675745267032073826e-01
7.601565734948346753e-01
7.857070579946592304e-01
7.165647738797367161e-01
7.481314832188983299e-01
7.710087657751796275e-01
7.408287752609505894e-01
6.294614613577779183e-01
5.926469935251478249e-01
7.293627554190629247e-01
7.501984514163452245e-01
3.631808625332342833e-01
5.618108430598148795e-01
7.182991642918638009e-01
7.140483168198693553e-01
8.454962907561750507e-01
4.672066703695380019e-01
6.984037797345739040e-01
6.714918772081245324e-01
8.569265847906180067e-01
7.456123422989235916e-01
6.735401656482984389e-01
6.812087176402328303e-01
5.702692879251743951e-01
7.866491439855828327e-01
8.135996815810767613e-01
6.318535760509983445e-01
8.251987614451704589e-01
8.782641683870118232e-01
9.186149865674595461e-01
6.327661367413841553e-01
5.717836541707886910e-01
9.421709432557069386e-01
8.631533641527672218e-01
5.000440792531806178e-01
4.024136092866753001e-01
6.797698881167500984e-01
9.328492461839973382e-01
8.838946735288316647e-01
5.694461473369133442e-01
8.498100346832693219e-01
9.564313649879860879e-01
5.678162029344403505e-01
5.887185200128233209e-01
9.596720406284893201e-01
8.011932847883550535e-01
6.229397406900141210e-01
4.657623615123400174e-01
7.559166026357927448e-01
6.846247659984887601e-01
9.234799682895443729e-01
8.844614919865856351e-01
6.478923668800473656e-01
4.940177571180874860e-01
7.074185761496311065e-01
7.440045911849066940e-01
5.960320282625858335e-01
6.033623348830915445e-01
4.507044643178946819e-01
6.795155852514482842e-01
8.846136859614915915e-01
8.364292985362147270e-01
7.169023107063009492e-01
5.767768508189284882e-01
7.608186245494262812e-01
6.281441629103922120e-01
5.868897290145029810e-01
6.247071758095557037e-01
7.097984399479017048e-01
5.989788398626993970e-01
6.618462675570874199e-01
6.940491766262069095e-01
4.387941594648578914e-01
4.824322070273433516e-01
5.755079453272137213e-01
5.840558841788271449e-01
6.919531875336787374e-01
8.158854521289287121e-01
8.384031750293357010e-01
5.645962753872508788e-01
7.927011185787224967e-01
5.760634464883437333e-01
6.365356828104810072e-01
6.428386937229573217e-01
5.435412387266501666e-01
5.223286733250431801e-01
4.615994577487044781e-01
6.488863605875612173e-01
8.236514882298173745e-01
7.884071901644907898e-01
6.811659353684085261e-01
6.346707818060323136e-01
5.510719785227807810e-01
8.779997610635109639e-01
8.679496605848154855e-01
8.812907556968496703e-01
8.590372921678979257e-01
8.336315730201268037e-01
8.823686127904041276e-01
9.411102398782995593e-01
9.590541526955417284e-01
9.329144618821687551e-01
8.175963834934479868e-01
6.840971115729637120e-01
6.930999245491907823e-01
9.540433575515182563e-01
9.366775373793092552e-01
8.802675466139594507e-01
8.865884095077749549e-01
6.223500551993830232e-01
6.929813955624959387e-01
9.116882546656213115e-01
7.270436988471763451e-01
9.223824117342831475e-01
9.405942858569369402e-01
8.346221333881799209e-01
8.602024870879489971e-01
9.419530545169992886e-01
8.187530577458442815e-01
8.119182903091556325e-01
8.991228698389609475e-01
7.884151455783259266e-01
8.149643690862210521e-01
