9.869762889472339928e-01
9.796136639752018871e-01
9.867781100488018931e-01
9.881767105945289398e-01
9.924560173105657634e-01
9.888516533790506768e-01
9.946830945609331787e-01
9.828582431612790105e-01
9.947855402303685812e-01
9.570665259440361838e-01
9.839668088956401437e-01
8.977090225593807871e-01
9.831387917325528081e-01
9.938835821946336857e-01
9.552498905691024778e-01
9.863441959114013224e-01
9.928484916430373453e-01
9.831306262846770672e-01
9.918315195127688222e-01
9.393348448934428774e-01
9.989496665799795228e-01
9.481726613749399402e-01
9.662996565480248545e-01
9.147484857017894599e-01
9.426833115390343965e-01
8.972051934392654138e-01
9.198781691769554181e-01
9.993592623566601718e-01
9.864599390455492944e-01
9.780478624790694964e-01
9.716560108417614527e-01
9.475021321516173822e-01
9.917487572063053980e-01
9.910556599897829555e-01
9.155060424581736855e-01
9.550713804988022471e-01
9.829990222741420425e-01
9.974499451121345839e-01
9.765647745688581516e-01
9.895885783571640726e-01
9.852959737292816822e-01
9.835364030475538533e-01
9.632809765371239674e-01
9.945566866926331961e-01
9.724085956781135520e-01
9.242475722562987217e-01
9.653843296677412367e-01
9.759545668844363808e-01
9.236629629419161880e-01
9.847216811875533216e-01
9.517249442353183930e-01
9.824330990573365563e-01
9.338170754911359062e-01
9.853184893896832497e-01
9.619017860102400119e-01
9.429160469397114275e-01
9.958598436068613058e-01
9.888629586597494914e-01
9.660474153294313915e-01
9.310249763238157561e-01
9.841083019652057118e-01
9.585839586985296368e-01
9.675318804489048130e-01
9.880132858779560046e-01
9.429028835177790668e-01
9.261728539237962243e-01
9.810934392545800353e-01
9.953964254058769168e-01
9.778427026655021059e-01
9.698206308847953094e-01
9.954937364590530358e-01
9.915185469710598998e-01
9.867483134859110772e-01
9.725266726989407751e-01
9.681392609636969571e-01
9.393290565547779414e-01
9.375895917545592484e-01
9.593583375495471355e-01
9.184137980818423141e-01
5.885825927835706267e-02
9.930059679549567697e-01
9.835145218398744227e-01
9.832422436634521423e-01
9.757653547256740501e-01
9.464437395578993995e-01
9.498692503565361323e-01
9.589403625823762489e-01
8.930330265268011658e-01
9.816937190976160466e-01
9.776228702750425770e-01
9.160232228512112940e-01
9.207487197305804782e-01
8.741751970838190777e-01
9.223593885435976691e-01
9.737283766807562913e-01
9.769168833686626696e-01
9.563079237308702574e-01
9.103931214806463279e-01
8.244385409325504233e-01
7.350253634015266879e-01
9.078014415562224437e-01
7.240719373872770426e-01
9.058567998087753148e-01
7.814680011117295377e-01
8.156165752221686827e-01
2.239299873090238868e-01
9.286554015307618704e-01
9.497841096584849208e-01
8.308066165576407647e-01
9.463766022812736267e-01
9.358618816420276598e-01
8.583391712778428717e-01
9.587758519711352401e-01
9.195984886505629285e-01
9.494148417983654387e-01
9.913062454350805019e-01
9.926906551348327890e-01
9.851550779620524834e-01
9.398477690777934379e-01
9.970662856467461532e-01
9.122321837938710543e-01
9.704037379320845647e-01
9.804853301415390465e-01
9.495229955993789162e-01
9.429683279578332522e-01
9.465394332430722146e-01
9.143000930190542386e-01
9.928947795585043590e-01
9.935571786696865138e-01
9.804493357942173359e-01
9.747278805224914855e-01
9.634692983637754837e-01
8.970064643063541121e-01
9.013612721758315072e-01
9.331367319572245744e-01
9.227374384646903627e-01
9.622982617035379382e-01
8.418938141307648060e-01
9.868239752961129874e-01
9.246508306099485708e-01
9.842733767064987260e-01
9.824545599439956645e-01
9.758031273667667760e-01
9.671726727118240552e-01
9.664110773321601400e-01
9.376655163217803013e-01
9.605346174815408977e-01
9.776082555068097424e-01
9.432929709014762354e-01
9.779058189162220804e-01
9.521453101841677036e-01
9.736836638867772953e-01
9.569747695337934568e-01
8.961975985130578026e-01
7.729004739357822062e-01
9.911317055078950888e-01
9.582613805724715661e-01
9.718759870199463746e-01
9.005344262337817707e-01
9.392430490015410971e-01
9.783116402346698770e-01
9.902266342112988617e-01
9.424194998431771886e-01
9.915906233789379964e-01
9.652220612142962120e-01
9.971483580615875253e-01
9.665730077100505024e-01
9.315742247316158853e-01
9.989095789256345892e-01
9.829266222230996775e-01
9.419433261231504595e-01
6.455372488141408738e-01
9.538109973759184568e-01
9.992903436118328875e-01
9.944689775152513178e-01
9.616337787914358559e-01
9.755805436506296280e-01
9.984733977921310677e-01
9.825565199058901023e-01
9.841583298002737346e-01
9.970236506688276990e-01
9.452197604558757460e-01
9.626441747955561956e-01
9.376238603857188769e-01
9.968779375943120913e-01
9.069925351921188650e-01
9.802341591071837001e-01
9.882206852395706287e-01
9.488354970255646892e-01
8.918967722164261591e-01
9.475935949322165097e-01
9.525558455554239412e-01
9.292302956370321887e-01
9.599037976631150659e-01
9.649184110203518072e-01
9.397002644216424505e-01
9.851727536197042445e-01
9.913891603641998840e-01
9.634435450935295853e-01
8.487483248458833618e-01
9.931091350746387159e-01
9.551177372460328829e-01
9.085325939039827770e-01
9.405047428388821906e-01
9.815631671849245343e-01
8.754874937565729764e-01
9.639223271305478180e-01
9.725153544825356766e-01
9.123211333641688681e-01
9.502621044529567795e-01
9.232890935063079452e-01
9.438537304255273375e-01
9.235501662057983285e-01
9.669931167586275356e-01
9.942148658899024882e-01
8.294110657852695745e-01
9.643143092723814869e-01
9.305359983721559480e-01
9.573043912346717033e-01
8.097729562681942328e-01
9.721406526247171609e-01
8.931347288146067598e-01
9.239651282278532607e-01
9.684979355818149616e-01
9.755289419467589873e-01
9.851945359271326863e-01
9.667307411758265800e-01
9.721566720759522440e-01
9.447344365443026692e-01
9.929599053945853404e-01
9.851451283787675539e-01
9.754061173129383588e-01
9.739042462822474766e-01
9.755230677381930837e-01
9.960617033351697458e-01
9.950588043060543120e-01
9.978820927140096275e-01
9.911255330766494120e-01
9.285453900382698578e-01
8.977839834003922270e-01
9.340631466047295550e-01
9.975791437157323083e-01
9.974714703388555259e-01
9.784745693974630232e-01
9.873878071130522960e-01
9.200713296903026972e-01
9.794641099906897797e-01
9.848530609607302200e-01
9.796170085667551541e-01
9.978238028142032423e-01
9.913054372111183010e-01
9.835680859606980020e-01
9.859819665923809096e-01
9.966346270869766988e-01
9.283117587919406111e-01
9.881482100111763645e-01
9.961150247783353562e-01
9.840735142972156790e-01
9.945086697031297884e-01
