8.248271043338792907e-01
8.116729496493200191e-01
8.864127475780204657e-01
7.886012077865760528e-01
8.111150978964895009e-01
8.889983149594019585e-01
8.187880386642907293e-01
7.483871046939100102e-01
9.153736709249622461e-01
2.180476742757493647e-01
6.593115555525553839e-01
7.311728646225210682e-01
7.770801760214984810e-01
8.763972109472635275e-01
5.977434809693560336e-01
8.699557758469691482e-01
8.576695336260299340e-01
7.855347336362257238e-01
6.047099929186614542e-01
7.786179189564752523e-01
9.438455315447646932e-01
3.277847570858525850e-01
4.921700627006939666e-01
6.857493286925130382e-01
5.845821180631360914e-01
6.627085630769351532e-01
6.153392780699297182e-01
9.336092324193434600e-01
8.894048385571206028e-01
8.778926128377270155e-01
6.766334463714963610e-01
9.107513608028924290e-01
8.890492596303511963e-01
8.804565576271332628e-01
6.062170886820638094e-01
7.925479604547691626e-01
7.379372660596217326e-01
9.462562273491040843e-01
7.145119498716228090e-01
7.190570435798095961e-01
4.797901355168904258e-01
7.967240685474601403e-01
8.622440465048362146e-01
9.440868829453030742e-01
4.672172629977396352e-01
5.206147657865262124e-01
8.034677375082101003e-01
6.698900057827249510e-01
7.626528835962499420e-01
8.989949609168000899e-01
8.649904999910773551e-01
7.943394002361808814e-01
8.339166643888682451e-01
7.947000606895331387e-01
7.745298956300916693e-01
8.133916333361070894e-01
6.670434994098728421e-01
8.448012720433666356e-01
5.300130804647903426e-01
3.865508999810939317e-01
7.914783414316964860e-01
5.800614148292818628e-01
7.101021735843637828e-01
7.656520117181104812e-01
7.798246899413937561e-01
4.253691100521049262e-01
7.569072876329230315e-01
8.363822599766981281e-01
7.745611298908001707e-01
7.068524137783305239e-01
8.084949633339939545e-01
7.582403184950580188e-01
7.464442681178554695e-01
7.919971438178822210e-01
8.184503196181797113e-01
6.731744106406148953e-01
6.241868816896993799e-01
5.980138204092337872e-01
6.430156010584313631e-01
1.383722639344117482e-02
7.724677662170195136e-01
7.534380703675847002e-01
7.399301303279719466e-01
5.495119612875719595e-01
5.738077671121308843e-01
8.036173379727292732e-01
7.274335200242827426e-01
6.562126967526150656e-01
6.382639940041873183e-01
6.843864440072182642e-01
5.087365335874363126e-01
5.190617937305694873e-01
6.246391025155406673e-01
6.533762022884648246e-01
6.226634328329611057e-01
5.493542979668285531e-01
5.103517772371077843e-01
5.107520130713089079e-01
6.428734451154073382e-01
9.120669650491398661e-01
4.177210872994010504e-01
9.141834932264051305e-01
5.998748561006045366e-01
6.487355597928841089e-01
5.424665747089049139e-01
3.436343277657290946e-03
5.281269051361400235e-01
5.416375098244197162e-01
5.110941604520947701e-01
3.103197371047254904e-01
4.890170410875862017e-01
8.958949272879038750e-01
5.090541833296542418e-01
5.752328319185235905e-01
5.917937153459875699e-01
8.752073816513111781e-01
9.166563193333633341e-01
8.082262133773379098e-01
6.337841086679693037e-01
9.257477008356657100e-01
6.457770515342129425e-01
6.145104249517405748e-01
5.854637365070186616e-01
4.474934906663019518e-01
4.899836454908600425e-01
6.001702955838137399e-01
6.121874442817490936e-01
8.907638742010133281e-01
4.587246784558357549e-01
6.387710355430920028e-01
5.985557918286578127e-01
3.374385847895892132e-01
4.246893322569229023e-01
4.761565430575793734e-01
6.342307961318379705e-01
5.896173642906625822e-01
6.821004270519451795e-01
7.270669913828284869e-01
7.961749673082252343e-01
7.111241185321547364e-01
7.831976072844014647e-01
8.277937623240609888e-01
7.934539363736072826e-01
6.482409257443815243e-01
6.355288942905990002e-01
7.793224243914677052e-01
7.581672531836773921e-01
2.841808238111825924e-01
6.662992206376192605e-01
7.818929304433843708e-01
7.676941396469817436e-01
7.915761783528615370e-01
3.582179982029665144e-01
8.113530826496976323e-01
6.723597988748218901e-01
8.443819724383985204e-01
8.116568514305022575e-01
6.673571087940846080e-01
6.749885256351511043e-01
5.250902354052298104e-01
7.839451630998215403e-01
7.969358912166987219e-01
6.058609962215434352e-01
7.614834780311577900e-01
8.576790610515538926e-01
8.898034031664491250e-01
5.738661262041683253e-01
5.410585114678996277e-01
9.245903991644320863e-01
7.744583449662538754e-01
3.122358215542746507e-01
4.927990972908365963e-01
6.452026213718720093e-01
9.156976086989410124e-01
8.617609837048573196e-01
4.780031348130099889e-01
8.342695859791785518e-01
9.402810904909914003e-01
3.572676574697132290e-01
5.583792842025492309e-01
9.566973634332625043e-01
7.429527145342057493e-01
5.393195526835079523e-01
3.366564634917845189e-01
8.872167163194492057e-01
6.494150302183109291e-01
9.006645441774235872e-01
8.747880345378581390e-01
6.567679653471458767e-01
4.549749182226450750e-01
6.849284843281290280e-01
8.471138684480920000e-01
5.742136471747613102e-01
5.425571420115099519e-01
3.487724697412555863e-01
7.932018632087788346e-01
8.752482551397595678e-01
8.367692079110540249e-01
7.017239606887434311e-01
5.818124734402037035e-01
7.489104028054704987e-01
6.054683664798348186e-01
5.819513492577994551e-01
5.739084313849999175e-01
7.040313876014775429e-01
5.947460539397618762e-01
7.712799395775371547e-01
7.412369707700060539e-01
4.419031703146129031e-01
4.764737973434598484e-01
6.192218190271866485e-01
6.026628844079848779e-01
6.300116975163658761e-01
8.536830383443343440e-01
8.189901519318737444e-01
5.202601645427125110e-01
7.819656032257898959e-01
5.648881606780510323e-01
7.073259503933797543e-01
6.655000802916445357e-01
5.249165668500063164e-01
5.323318521757672839e-01
4.777857499080708226e-01
6.493977830574142462e-01
8.116644875874775567e-01
7.464070505117463838e-01
6.561523298489446709e-01
6.471578416401911893e-01
5.543988289714608664e-01
8.500172549384870102e-01
8.606268096747563545e-01
8.566327030942373355e-01
8.493126114476794442e-01
8.389049788868955249e-01
8.556166606577331191e-01
9.262444584256545044e-01
9.442664371018107961e-01
9.111294882186519173e-01
7.696912839699597830e-01
6.864191560812638038e-01
6.824944389095075614e-01
9.437132739896103573e-01
9.234750200585795099e-01
8.742175384840209507e-01
8.650798130462880042e-01
6.021379916759117545e-01
6.363853970668156279e-01
8.945721079191121250e-01
6.714086526465894433e-01
9.083690614052289947e-01
9.317051926103447901e-01
8.267967953806321102e-01
8.476587823533840993e-01
9.214002845520361529e-01
7.959178063406169290e-01
7.881876548651611802e-01
8.678810171800807050e-01
7.514540420262221243e-01
7.994055543832163657e-01
