8.573160531601421441e-01
8.300688464597725247e-01
9.266948494429467775e-01
8.025436605680370539e-01
8.485789805416457110e-01
8.728125032510061221e-01
8.342630602063966228e-01
7.697113296243176528e-01
9.401248790935363697e-01
2.103844318053417484e-01
6.713030454835381411e-01
6.810133363775920934e-01
7.557091561279247749e-01
8.622271385309773217e-01
6.187079631476312125e-01
8.932266561909795177e-01
8.722731417270075394e-01
8.137363592080054664e-01
7.087131810224414075e-01
6.603280402626005019e-01
9.613497204602508006e-01
2.882484196417816058e-01
3.663855425341688288e-01
6.276905114628957838e-01
4.846147732139353126e-01
5.237372818733710966e-01
4.578953221379584160e-01
9.556559311046591842e-01
8.138788642535810247e-01
8.515310403729405841e-01
5.129150015198462587e-01
8.712645195112724839e-01
8.151490253790231177e-01
9.082405282509726785e-01
3.964453889288026556e-01
7.369898910245079593e-01
7.380407267364734736e-01
9.651048419742329632e-01
5.648789751351518396e-01
7.464224916944472987e-01
3.402116732148155465e-01
7.607979837635491238e-01
8.037012912905564521e-01
9.596351968756577921e-01
5.031734905347688969e-01
4.015200384184349769e-01
6.794681216850847472e-01
6.789061972806462730e-01
7.169158737395725511e-01
9.180087689247049543e-01
8.374149706629429035e-01
6.848574033596445121e-01
8.430925765606812616e-01
8.098955281270032724e-01
7.471784691458605021e-01
7.000398198393160687e-01
6.803254914010017362e-01
7.471267761682008901e-01
4.372206278063290874e-01
2.230261197659732519e-01
7.826268632772920286e-01
6.006999222423828888e-01
6.038415973582161866e-01
7.032702705747502225e-01
6.995691184418779685e-01
3.754355658453792377e-01
5.685067999020900764e-01
7.972411056383890138e-01
6.735601796028205523e-01
6.336316275763996808e-01
8.391593980887294135e-01
7.882398530568630601e-01
7.587915170507487650e-01
6.815187610656238126e-01
7.255504207901040115e-01
4.795860795017519718e-01
4.364740907414133009e-01
6.563953170296643602e-01
5.670966475003925700e-01
7.147487673645138706e-01
7.544187705257251464e-01
7.441370929134706325e-01
6.724835372271286138e-01
4.719184710249427206e-01
5.692491687179686011e-01
7.378250561193062662e-01
6.257899362768465368e-01
4.799456529309142905e-01
6.610782624211833935e-01
8.312467236923331004e-01
3.906917450867145591e-01
3.827088844010452240e-01
5.736801908926738580e-01
7.397338882747150901e-01
6.940802858475202397e-01
5.882427773978691210e-01
5.001552703251499477e-01
5.194014366524345450e-01
6.251342361732478148e-01
8.827884335190827603e-01
3.933405620172791828e-01
9.143504081002749029e-01
5.398136250753579057e-01
7.495980888128777053e-01
5.435591074601251460e-01
6.049371286559329652e-01
5.318847954901146924e-01
5.407234950430619413e-01
4.872134509886826281e-01
3.230711647878039550e-01
4.699426093995305864e-01
7.916910051903967016e-01
5.026746023385303408e-01
5.960767562783868545e-01
6.043479178497578319e-01
9.246809583887718453e-01
9.449751267474335581e-01
8.277344892620880357e-01
6.191545466407264442e-01
9.364718107905902755e-01
5.788357436824125291e-01
4.442069522731031950e-01
6.391422399436711421e-01
2.924141028536667575e-01
4.968736368774491763e-01
6.259712558086265588e-01
5.910866241500033480e-01
9.222313047099786054e-01
4.202417198474369120e-01
6.544436320751328973e-01
4.076047126541230692e-01
3.037287935028376573e-01
2.637850061573921989e-01
4.579121043661316115e-01
7.305154310167261134e-01
4.536211424429288930e-01
6.063473453686765158e-01
7.974363382107860776e-01
8.812765195636721449e-01
7.588381858652587519e-01
7.943478131633701089e-01
7.015560527796986801e-01
6.549502062068928154e-01
5.969115311803316892e-01
6.429492722223373313e-01
8.860193713934785276e-01
8.319068422594402268e-01
2.473510157532593234e-01
4.728704254410214247e-01
6.374122479297481547e-01
7.048284409705652953e-01
7.778604095181778089e-01
1.531623786928518194e-01
8.809656913682037960e-01
6.087413826405431161e-01
8.443911108699154733e-01
8.988116050844008331e-01
8.266020610391910939e-01
5.389324747830545048e-01
4.573691280850326057e-01
8.536812734561716187e-01
8.318836335273175342e-01
7.241463689244538315e-01
7.046378096508134625e-01
8.615089100518126264e-01
9.059623251924898701e-01
5.930935825864548372e-01
6.308771773294794549e-01
9.366395368430651125e-01
6.686054680620260315e-01
2.292904081691059248e-01
5.140931500792947917e-01
7.463816993911124298e-01
9.229751983775695834e-01
8.673100799312944975e-01
4.804858233376132493e-01
7.863352090179147602e-01
9.550464459388080529e-01
3.679672323577040660e-01
6.066568203033616546e-01
9.667648093364574757e-01
7.345748993221480339e-01
4.806475837448451194e-01
2.039879326918099811e-01
9.499531781075898351e-01
6.428305687559198178e-01
9.174478098483304089e-01
8.953729725760145586e-01
6.577979516211776012e-01
3.207864831826138241e-01
7.807059468570003435e-01
7.883261945031541096e-01
5.541912890201705633e-01
5.305724678208655343e-01
2.019654493145150997e-01
7.828000322819468337e-01
8.484788024412723839e-01
8.594603943109209165e-01
6.948343692859533238e-01
4.802621946554857524e-01
8.280480070034282880e-01
7.458463156097460134e-01
5.275051934584084057e-01
5.450260694568864750e-01
7.552753009756468794e-01
5.494906594000028566e-01
7.436669206122287212e-01
8.114201568743968362e-01
4.719125885258643738e-01
4.396377232873113772e-01
7.632441496721558138e-01
7.893809948778801600e-01
5.457260853322460914e-01
7.990685307333345033e-01
8.112920742720486356e-01
4.722364938564672099e-01
8.121115707268921069e-01
5.059905850812372874e-01
6.703286713914522466e-01
7.432124370544299641e-01
5.132863488703822696e-01
5.246654447150215228e-01
4.287681943999031575e-01
6.842269748262799212e-01
3.606490802084461739e-03
6.386533268049263690e-01
5.270585389848181368e-01
7.459463229754847990e-01
3.833945985913083110e-01
8.444702942953623559e-01
8.539560973143774936e-01
7.326007925391005982e-01
8.292823925059596979e-01
8.446919551338814003e-01
8.451345152510715275e-01
9.261816870119754519e-01
9.537205411319473747e-01
9.279897559240073424e-01
7.108759038250154205e-01
6.773456727710532865e-01
7.250119685237581546e-01
9.558946361444192741e-01
9.179725436176645603e-01
8.653894315766886836e-01
8.430753400008298426e-01
6.283947320331748632e-01
6.249184987320810514e-01
8.876414501210515562e-01
7.501407162838267251e-01
9.221674030239704889e-01
9.291308001507021519e-01
8.319454280416280767e-01
8.417820335079554406e-01
9.268710078919216722e-01
7.756583536646248778e-01
7.651798126987721105e-01
8.627829010031854429e-01
7.166038009707744738e-01
8.199053268660735361e-01
