5.463906107188674088e-01
8.493293154803472911e-01
9.158635180664155273e-01
8.310217255862865082e-01
8.485168399132329009e-01
8.957261247205525745e-01
8.513909043771112906e-01
8.593986273074377680e-01
9.288983888164691338e-01
5.819635901203772388e-01
7.790106907019266336e-01
6.527592961407348016e-01
8.474197088582289261e-01
8.621977534962749212e-01
7.513609622911356922e-01
9.252029683938226556e-01
8.978143932760438428e-01
8.113232369233082109e-01
6.537979936578148799e-01
8.387858198076775240e-01
9.621825207093497312e-01
5.768642945721152993e-01
5.761730709647159276e-01
6.570214730883172649e-01
6.499177994291079896e-01
6.581257309721428861e-01
5.977403850809543950e-01
9.649080933934687243e-01
7.918636970578608603e-01
8.962569917695532018e-01
6.832070538488652645e-01
7.745027254450365106e-01
6.892499908992538726e-01
6.137505660142807962e-01
4.934438049273399129e-01
7.355425819494630924e-01
7.904734289620293231e-01
9.677000547721198442e-01
6.982998781047180525e-01
8.341582950881116787e-01
4.064580480959179010e-01
8.060886589067682850e-01
7.388821435563796003e-01
9.623294910575153072e-01
6.348095291827926534e-01
6.135934943803879049e-01
6.812962514501339495e-01
7.829406601958106560e-01
7.175588492862559065e-01
9.378153862949806241e-01
6.856540054446801369e-01
6.702365120053170866e-01
7.233954487625197105e-01
8.229274491100901923e-01
7.390944302370208163e-01
6.828829212244406088e-01
8.506472269798130981e-01
7.419289541533792276e-01
5.119124174597021737e-01
4.067473208585751232e-01
8.116283052307418089e-01
7.543219032103525290e-01
6.713754891695984384e-01
6.564257487026826654e-01
5.849029774196520259e-01
6.589487961747039213e-01
6.106319101560150342e-01
7.999557757962381110e-01
6.810887416430335684e-01
7.534499388572925005e-01
8.253571892792328502e-01
8.674403972203256208e-01
8.065744082899662937e-01
6.953393742995626070e-01
6.967237202928209250e-01
6.329649910221327724e-01
6.067486605960185075e-01
6.756027833012431261e-01
6.731384018203462327e-01
5.556659953761741155e-01
7.915460208028537448e-01
8.172674729967541740e-01
7.627530697825564143e-01
7.158424062985115910e-01
6.916202324113671640e-01
7.122034034860856844e-01
6.294876579318280374e-01
6.303761771329517982e-01
6.226285624690872655e-01
6.928274729012874333e-01
5.216974330866308573e-01
5.246379770375664275e-01
6.259608315357411135e-01
6.217045489961698923e-01
5.839537592459613791e-01
5.143887971309193397e-01
5.150488064241229846e-01
5.005269484464774932e-01
6.288330135170394630e-01
8.866791812304866127e-01
4.074767305367684167e-01
9.077893471996449914e-01
6.043423750324197208e-01
6.312641850750267958e-01
5.545078104274894226e-01
4.560385207203936087e-02
5.151574480148456425e-01
5.121144696965517218e-01
4.999939675072178069e-01
2.888986623288539723e-01
4.718516534765662684e-01
9.732942421561061597e-01
5.141657761535660676e-01
5.273026697038295518e-01
4.810620365932626319e-01
9.099807534611954463e-01
8.877668990286797790e-01
8.734494019565257616e-01
7.104471150263417245e-01
9.240708934394595842e-01
6.515736498156731171e-01
5.658851437855674238e-01
5.779627858180890199e-01
4.031928196897185956e-01
4.903732786695002566e-01
5.780521622782375246e-01
6.042062685420604984e-01
8.381870253041081575e-01
4.715779996035182053e-01
7.671214144742219965e-01
6.402727528317246897e-01
6.036523299875740101e-01
4.823242754412356281e-01
5.168626870346464397e-01
5.909673529323630214e-01
5.782116121160982836e-01
6.687717062378799593e-01
6.615356799148134348e-01
7.688342607657330241e-01
7.062317750541627914e-01
7.517751409756121550e-01
7.170031832476384537e-01
7.062375569798750030e-01
6.320879807622207247e-01
4.921216190428284176e-01
6.355601491060516306e-01
6.967552540459327481e-01
2.875636953588148748e-01
4.968338026141039809e-01
6.311067432016558287e-01
6.760941474723237699e-01
7.125121217504387650e-01
4.437389676272614492e-01
6.704268631830045955e-01
6.705017082414829188e-01
8.607754863575535209e-01
6.573219201072928453e-01
5.581736891522742772e-01
6.785012663494125462e-01
5.885446596852533796e-01
7.072825031499468951e-01
8.203152624090574996e-01
5.914209894773651000e-01
3.442576989736617632e-01
8.717356337939051736e-01
9.240481298398091070e-01
7.068222733142919267e-01
5.969312423489281372e-01
9.482676986459579460e-01
7.163691231761617484e-01
5.398159757013049065e-01
1.906460556296773190e-01
6.491935399470194490e-01
9.337194587981448857e-01
8.848660536560934986e-01
5.938771729600846871e-01
8.489050369065158641e-01
9.638779778774908547e-01
6.512863283264818115e-01
5.843147301105999780e-01
9.644561085604810291e-01
6.985286993651622645e-01
6.591577434040973849e-01
4.612687866505824075e-01
6.935543539430225612e-01
6.303477747807330056e-01
9.372424877304563751e-01
8.871817853086426675e-01
6.217038947685915584e-01
4.443206633521740168e-01
6.186676144865573823e-01
6.333117201046709610e-01
5.897929850208781799e-01
5.766823699580392315e-01
3.919719811370757645e-01
3.628470256095763236e-01
9.003750084018578015e-01
8.477817247444703330e-01
6.956957870019231382e-01
4.836348473147398241e-01
6.936099788540697197e-01
6.441584264499089496e-01
5.716432723657602910e-01
6.038279632439914613e-01
6.191769447334839471e-01
5.707056330101237807e-01
4.900482024546874427e-01
6.800510796940554270e-01
4.395470733236374605e-01
4.440213450256434435e-01
5.659279239107869452e-01
5.492674408809589126e-01
6.584577255721369982e-01
7.075824045380505467e-01
8.107803212251403213e-01
5.302176869859831498e-01
7.159527246377972443e-01
5.390022137781755873e-01
5.472807451255624622e-01
6.344516457242149743e-01
5.308147292567187980e-01
5.125065515682195594e-01
4.554646802565865960e-01
5.156105127696704038e-01
8.027434255862200274e-01
7.259822182331922003e-01
6.173259818945697752e-01
5.560794713927239563e-01
5.150200681279536452e-01
8.698760755209492546e-01
8.746566551152972213e-01
7.410874247959507999e-01
8.364909980043895299e-01
7.748744393015628562e-01
8.724388111434029369e-01
9.430644531489627003e-01
9.631563445473478868e-01
9.421715961642935788e-01
7.657604830614458402e-01
6.198319883992859936e-01
5.764670318003013438e-01
9.583179371245086342e-01
9.353027865819567577e-01
8.063932182095260304e-01
8.783281146545585116e-01
6.550191921888144364e-01
6.796114971828327578e-01
8.942326563221386637e-01
7.611126398980109231e-01
9.336693541447776967e-01
9.409598062302032551e-01
8.284199085678660701e-01
8.757092147879196320e-01
9.483993571632253206e-01
7.632422588897028737e-01
7.480207624041487202e-01
8.871949406920847103e-01
7.730185358161276721e-01
7.929000139666583236e-01
