9.472391302063326579e-01
8.736747708239688270e-01
9.723635947548076031e-01
8.855815189059150772e-01
9.501883315804355856e-01
9.328110389761986587e-01
9.112173428627975413e-01
8.494510868303490891e-01
9.549954404722862389e-01
5.564700666619332159e-01
7.731407847597437932e-01
8.411495160077486766e-01
8.606833424148992995e-01
9.212161583243370089e-01
6.976674555235586883e-01
9.590516982155811165e-01
9.348466063153767491e-01
8.546886620010031299e-01
8.603995700371702693e-01
8.533023378641904078e-01
9.781132525504143693e-01
6.586452948337032653e-01
4.725518157872422575e-01
7.912481333019723007e-01
5.182672008419128007e-01
5.608762410002596788e-01
6.519180560079161912e-01
9.851389154865008990e-01
9.105479563374418994e-01
9.344495506929830775e-01
6.186107105351663638e-01
9.375946246712107968e-01
8.983421213195670330e-01
9.783900441149699923e-01
7.894173389748351255e-01
8.258370589312938881e-01
8.325088804785034657e-01
9.852668990596867848e-01
6.753644863875909454e-01
8.404908177954432125e-01
4.647094983335119944e-01
8.358088304746967845e-01
8.965418257471331476e-01
9.782027199406232443e-01
6.340493310224958323e-01
5.479560980537269144e-01
8.325756347957846693e-01
7.198479489389411068e-01
7.789646925295923285e-01
9.372158293232606407e-01
9.136052569012591551e-01
8.182696217142547690e-01
9.092461798206398216e-01
8.528946312702075927e-01
8.022608280898502198e-01
8.121196295179893276e-01
8.620382448315470070e-01
9.038858634095990885e-01
5.506521959096422059e-01
4.864405174311219326e-01
8.624059014709004600e-01
6.366137802512917832e-01
6.843058527610449415e-01
8.321627498408450396e-01
8.628994244947253422e-01
6.204567731745829207e-01
8.158313801327754522e-01
8.923502455199365802e-01
8.275197025694006614e-01
7.736642989705979634e-01
8.920198669818020232e-01
8.719204309496896288e-01
8.428352078283373183e-01
7.688466552037550583e-01
8.177194568683349152e-01
7.210827201700678035e-01
5.957592979908248321e-01
7.175898574336651015e-01
6.197568577198903084e-01
7.669527025079989624e-01
8.605269260955118460e-01
8.384838460201003985e-01
8.097274006355955622e-01
7.532501814100581727e-01
6.186131879200769124e-01
8.233610234521220317e-01
7.279333597618891094e-01
7.221419354052146522e-01
8.113336174928099664e-01
9.177848076742962657e-01
2.989717095131987912e-01
2.986092515006497083e-01
6.540817177853112119e-01
7.749033495055507315e-01
8.002045399400122827e-01
8.277009818516755102e-01
3.432586196858330441e-01
4.090762739116500235e-01
4.391662991051786813e-01
5.506032619951151119e-01
2.322163145016390429e-01
6.525881847354997323e-01
3.065125052988412202e-01
8.204505788026982271e-01
5.513429505208571335e-01
5.497900010645634383e-01
6.361545499070767606e-01
4.533126727275619827e-01
2.501603764745082281e-01
1.804068674731636457e-01
2.822881599554623588e-01
6.891038037963137519e-01
4.536441488811466249e-01
6.163566822999363426e-01
6.561962202318802895e-01
9.798443538544341358e-01
9.638965417722928919e-01
8.618063342863779841e-01
8.159238033035647319e-01
9.703600592500185584e-01
6.482165013921077357e-01
8.582152703288246087e-01
7.435897784291298773e-01
4.753218126698354751e-01
4.557692030608315736e-01
7.532551522333162941e-01
5.632593615394827502e-01
9.378214349655460413e-01
5.542210782858970619e-01
7.177993493736041231e-01
4.846220669190551278e-01
4.940780780513465698e-01
3.299659284142628102e-01
6.810754613131351221e-01
8.100117662927690532e-01
6.950317619911474676e-01
7.049560884921711734e-01
8.471871735541647297e-01
9.105453625149013686e-01
8.405199773081847292e-01
8.375593627388080442e-01
8.408996591556843203e-01
8.068633545536981755e-01
6.790348154760839083e-01
7.181229599353158299e-01
9.194009549328862052e-01
8.846901585253312827e-01
3.973355931057844792e-01
6.362195093519621425e-01
7.914110537641044774e-01
8.023023409099506731e-01
8.454096827508086331e-01
2.190452859274350517e-01
8.983001403495092241e-01
6.213031316547791283e-01
9.133823484165998208e-01
9.107429781722795603e-01
8.981704909578761553e-01
6.194758680583830612e-01
5.505996500696757057e-01
9.026283576971977363e-01
9.101158597800712569e-01
8.373352503716808837e-01
8.526844426657308462e-01
9.133983454887434350e-01
9.635842617764827089e-01
6.260277967788769882e-01
6.707156238700321405e-01
9.678036521193599251e-01
8.724101195487400373e-01
2.658688199567416643e-01
5.857264486626888589e-01
8.607260686478789280e-01
9.628693208942681325e-01
9.329000944855672106e-01
5.500435477186247368e-01
8.691721379950371196e-01
9.826271965587177748e-01
4.997379788812298940e-01
6.662862533697000433e-01
9.834876469723046188e-01
8.265972806943264750e-01
5.604291504783773803e-01
4.148066520050678885e-01
9.697667147861415149e-01
6.830445713657981033e-01
9.505949542928935347e-01
9.382853754367186383e-01
7.523078567056362687e-01
4.332791141985944394e-01
8.604219296192086031e-01
8.272798579651673423e-01
5.970334003148417557e-01
6.945763262884879774e-01
3.719451934752989186e-01
8.319704872883586511e-01
9.335006802879685095e-01
9.068251128371906944e-01
8.285286019028934579e-01
6.916389029844403069e-01
9.005037299864580014e-01
8.232857219098302926e-01
4.350311520394668507e-01
5.745314018857933247e-01
8.389261051297636218e-01
4.153658923015131621e-01
8.206045111347790577e-01
8.601808415474548886e-01
8.403166914891176953e-01
3.172939391122251429e-01
8.633333415159842872e-01
7.205029790650717691e-01
6.441752503206863434e-01
8.512976224371191503e-01
8.875153574305756354e-01
4.829891709054224269e-01
8.860954184996501226e-01
2.905626313313690035e-01
7.550522390800131767e-01
7.623642871490891038e-01
7.714286001267552928e-01
3.916441078050181823e-01
5.484211760554271731e-01
8.218920507339722015e-01
7.958892866983340308e-01
7.974970975713422394e-01
6.115369363616598442e-01
7.891009451920808493e-01
3.765443872256099556e-01
9.315837853873352170e-01
9.027513017535717665e-01
8.812625565497951285e-01
8.989645790870480768e-01
8.842051065694075396e-01
9.212719250847566377e-01
9.594206926041919381e-01
9.868586918828693433e-01
9.719699404632288209e-01
7.946420284711063209e-01
7.117798549071463476e-01
8.647046286216120148e-01
9.846856940502246580e-01
9.540545745938739941e-01
9.190926652317019663e-01
9.124592063950345278e-01
6.683302704288491825e-01
7.859805529470575980e-01
9.231575829802480815e-01
8.909238547504663153e-01
9.523862436045973379e-01
9.616038197873693072e-01
8.915885621348591528e-01
8.896858325111801635e-01
9.665468889182881052e-01
8.519759679103200423e-01
8.721769567450811111e-01
9.134063297980689056e-01
8.245396722632754027e-01
8.965908196140909281e-01
