9.855235654128492451e-01
9.529680378213772896e-01
9.902132696343828311e-01
9.651309927587250481e-01
9.817833407249574318e-01
9.827066700271808175e-01
9.775833091552003085e-01
9.735150423228441374e-01
9.919940981481341069e-01
9.423581219564146627e-01
9.401904779302071580e-01
9.316698204708355746e-01
9.692971344884203644e-01
9.786180094275297447e-01
9.194254440321978361e-01
9.894177843172523579e-01
9.892599873742229377e-01
9.448858105841011490e-01
9.682153864531587439e-01
9.665658452730291339e-01
9.986888397666114914e-01
9.523011341521386841e-01
8.462576900277051228e-01
9.168903519705995375e-01
7.615522025751093604e-01
8.460958947821070053e-01
9.303094108164620124e-01
9.973764672107670037e-01
9.843475970798786223e-01
9.859360093175086881e-01
8.689372741929712873e-01
9.836326047840059372e-01
9.772131734807720793e-01
9.893470215308280968e-01
9.695368681419554990e-01
9.494214849423535663e-01
9.562754875809834632e-01
9.960203896497147324e-01
8.950365224665585151e-01
9.675690595257778748e-01
9.546597978676927276e-01
9.600899102360110904e-01
9.740002002999321729e-01
9.949521973719139822e-01
9.570074250393298954e-01
9.265251266662718477e-01
9.621638835136318013e-01
8.646070053992791493e-01
9.301924592933598079e-01
9.657095456084199281e-01
9.691407150853920127e-01
9.672899380369371913e-01
9.787611822923638627e-01
9.314589366594082653e-01
9.117781204138400986e-01
9.530067920336887655e-01
9.849073707741063943e-01
9.803593633511095140e-01
8.540437110195496784e-01
9.368072901522739304e-01
9.653236094667991818e-01
8.994373472893573140e-01
9.095853593004971094e-01
9.678907430380648824e-01
9.582812959687374565e-01
9.478875300663657244e-01
9.620080250860798543e-01
9.751578817224754170e-01
9.673163790277317098e-01
9.504463519354193757e-01
9.831883979194747658e-01
9.693275195615942419e-01
9.807797096535554315e-01
9.350514180287681221e-01
9.465589097777787897e-01
9.383204705493465303e-01
8.878663326842576309e-01
9.081333540272359395e-01
8.465144985853617632e-01
9.697820191154505887e-01
9.730023979810108470e-01
9.669923585238608954e-01
9.636434429257052514e-01
9.640105045089661928e-01
8.363956808564571022e-01
9.288944444095259545e-01
9.278120790590254074e-01
9.454457659413710857e-01
9.706391236903537667e-01
9.727928640201082278e-01
7.571842049010375497e-01
7.383905762224014513e-01
9.298688951113793788e-01
9.388283126985316196e-01
9.565640379589928077e-01
9.682752214853118655e-01
7.955802574962368423e-01
8.165623616515834682e-01
7.528930892687198950e-01
9.779051767909798798e-01
8.365032289411336031e-01
9.735539707601654769e-01
7.345207461405126592e-01
9.199345846251009151e-01
8.765961573949215824e-01
7.523510506100447026e-01
9.515040318930765295e-01
9.490133227629470314e-01
7.522786440746445091e-01
8.148218091022189080e-01
9.095769166636332725e-01
9.860469917849468136e-01
7.005281375786307496e-01
9.374601264743740447e-01
9.709725536388447154e-01
9.858788265748394952e-01
9.973449292538503208e-01
9.502608895932634914e-01
9.218599142074377362e-01
9.930068997823656707e-01
8.275019699556441788e-01
9.749816050802566636e-01
9.342312741976596113e-01
9.507265000197488991e-01
8.550183779752957847e-01
9.506591536226899342e-01
8.718219682122645420e-01
9.854080392038477854e-01
9.519138399946531770e-01
9.517017398470297707e-01
8.423684124238948190e-01
9.490719365846943534e-01
8.910959107044047478e-01
9.032894494809726726e-01
9.299140482899737048e-01
9.226737790768387848e-01
9.087330827335425854e-01
9.249319748089072091e-01
9.797837529932761358e-01
9.590454060778680345e-01
9.302282389276849139e-01
9.633572549888741454e-01
9.571165921648943087e-01
9.193233581927902076e-01
9.565912397690142788e-01
9.812123064795035265e-01
9.804118236611444326e-01
9.448117755786534788e-01
9.508539757325871200e-01
9.633803902568655042e-01
9.538148327498554568e-01
9.471522353889155754e-01
9.503265477108963077e-01
9.349843045264032426e-01
8.674789125506715548e-01
9.851406969252738399e-01
9.836663066244412112e-01
9.824370152695045544e-01
8.671466734883386263e-01
8.550474462082592320e-01
9.782402433471243386e-01
9.843374888676408307e-01
9.549576672290520651e-01
9.827364056039492590e-01
9.622415881624485356e-01
9.872814077960619938e-01
8.829782879112947347e-01
7.922855229603888993e-01
9.912801051054676016e-01
9.781130089179796983e-01
8.645369195075618407e-01
8.014816807921657515e-01
9.755455131115995382e-01
9.921455803423685493e-01
9.856090508579741227e-01
9.142462520522476321e-01
9.625763682871709692e-01
9.967985047124016118e-01
9.570661878175301673e-01
9.553905582156571041e-01
9.983519921638435157e-01
9.370956113499526730e-01
9.628394438698167912e-01
9.551128581883564506e-01
9.989632593904793634e-01
7.662568591432938891e-01
9.779402840246612660e-01
9.826606739651776445e-01
8.852425413172710922e-01
8.984434488207737601e-01
9.448990668744734478e-01
9.438069665014529042e-01
8.757356283375068440e-01
9.443249358575857011e-01
9.359486706359519959e-01
9.202214735715604776e-01
9.878785546074542179e-01
9.783038742943950261e-01
9.693266685590866683e-01
9.457050819122057028e-01
9.769714399043071262e-01
9.155131208797603337e-01
7.633606730378929006e-01
8.150342046809085916e-01
9.567433669120769535e-01
7.739847110110040784e-01
9.514083159346466978e-01
9.533126235911978386e-01
9.305685627939550564e-01
9.080478031439691566e-01
9.362393526986106940e-01
9.487802179300964811e-01
8.606744239916892525e-01
9.574640183745677380e-01
9.777789595055383920e-01
8.140709785809293608e-01
9.605158466158719710e-01
8.494161424923513115e-01
9.255876755922345378e-01
8.636228189712600312e-01
9.613322702533729780e-01
8.994687546633227671e-01
9.527627982171675836e-01
9.668098732910728188e-01
9.592151600436672476e-01
9.532721713643138584e-01
9.135517578901979352e-01
9.456893245615027865e-01
9.005291967489189586e-01
9.865932025207410083e-01
9.786078559166451196e-01
9.818737714373888537e-01
9.798159224291508318e-01
9.680823984665433146e-01
9.860148694208256126e-01
9.915838604492883679e-01
9.938614756784631687e-01
9.941382962868547946e-01
9.389624937316078945e-01
8.266847542155052464e-01
9.640744473870169751e-01
9.964023045833266812e-01
9.920079643299188898e-01
9.867073055009770721e-01
9.858387120671330273e-01
7.886110293683586958e-01
9.726667715120191904e-01
9.771816025509172388e-01
9.733463746465719213e-01
9.864912448109615095e-01
9.910185318903549367e-01
9.727126556310785599e-01
9.754635671931227714e-01
9.933801784074445251e-01
9.322867269946727431e-01
9.863305438577981699e-01
9.863892316775632052e-01
9.592162071455384575e-01
9.816970047960474899e-01
