9.079563184765382378e-01
8.578709631017984449e-01
9.617122021885885497e-01
8.594489777956165755e-01
9.082053629581289256e-01
9.012357060342900406e-01
8.772747411098581471e-01
8.130885676892508629e-01
9.565959893127414793e-01
3.613524124968345297e-01
7.338856899874326434e-01
7.657724731814777863e-01
8.148851856608917421e-01
8.981561425092847717e-01
6.643362726539613350e-01
9.413772534867546060e-01
9.114837561956373735e-01
8.437842790690388561e-01
8.117106459305832855e-01
7.603899410272685344e-01
9.744093531273999576e-01
4.282507293901235412e-01
4.099806207307524208e-01
7.151244914329927260e-01
4.981696996531457255e-01
5.152143633401760070e-01
5.064922891754518597e-01
9.782902768258199266e-01
8.627941102339051760e-01
9.009458734541462288e-01
5.598845347827763330e-01
9.098222337521280068e-01
8.552078456404840212e-01
9.527285158996777747e-01
5.266469247970086975e-01
7.784040344671898648e-01
7.934115355926988356e-01
9.802058948054089837e-01
6.156367246092558920e-01
8.032467607719646630e-01
3.291883361108577932e-01
7.961760799429755675e-01
8.498393017970808927e-01
9.753416553359999241e-01
5.658070289838700306e-01
4.483794591305756971e-01
7.565783444521985146e-01
7.063762553133172695e-01
7.496024038378871213e-01
9.327387310161401324e-01
8.771340377223908469e-01
7.375962757107332735e-01
8.842933303551193669e-01
8.380913357106876127e-01
7.787929109748983336e-01
7.461936492825392842e-01
7.829596901597286607e-01
8.376344291762863881e-01
4.842042022988998218e-01
3.047800407378216114e-01
8.286350699251331386e-01
6.225502646823549702e-01
6.234864163386599767e-01
7.669600597083755522e-01
7.767299806893783742e-01
4.739547282363104630e-01
6.889403787035054405e-01
8.509997841602671143e-01
7.540080939398291493e-01
7.057160785012122073e-01
8.785394227846600179e-01
8.397735493807876317e-01
8.026851881397465416e-01
7.083763071384221455e-01
7.626465640698277815e-01
5.842178900236004724e-01
5.003475683809466279e-01
6.808985871429139580e-01
5.906961436884816674e-01
9.388108318646075368e-02
8.116073294007495331e-01
7.978169389910169107e-01
7.259693279442803737e-01
6.011239349009425137e-01
5.938709545552935953e-01
7.847548185941106702e-01
6.670284652659269620e-01
5.906496444424006453e-01
7.680279134872876057e-01
9.020821338469862116e-01
3.027003940790388148e-01
2.698654363955608204e-01
5.080379425512026037e-01
7.029076176089011918e-01
7.103828446457765011e-01
7.307524748278916293e-01
3.904860450962784335e-01
4.292518752912774516e-01
5.726658336360769264e-01
8.056389734998712360e-01
3.177770074746348872e-01
9.092964886365147992e-01
3.402329975350779079e-01
7.726888194364759377e-01
4.928694494000081527e-01
5.400788646152316907e-01
4.576810522354711197e-01
5.287751510076207362e-01
4.166727172692871184e-01
3.153694357059639297e-01
4.057720967759824160e-01
7.338266116647521597e-01
4.732267178203370395e-01
6.357254180011089328e-01
7.039100105125375428e-01
9.688229221651949441e-01
9.640106963676708940e-01
8.490883006400798960e-01
7.432962017990639714e-01
9.600815841452281507e-01
5.986598487991735551e-01
5.430700775325282281e-01
6.976811606147564904e-01
2.636547741367308295e-01
4.962870983223662824e-01
7.520111121214448913e-01
6.404867912202142355e-01
9.384200846181616207e-01
4.606090335140879954e-01
6.868421254938762432e-01
4.402485037689987668e-01
3.778304980751309716e-01
2.458997034997765230e-01
7.007187938951298101e-01
7.725698977115004196e-01
5.221152610519237403e-01
6.439325488099172379e-01
8.450803940803480740e-01
9.179764340801475075e-01
8.135255104490513034e-01
8.155821104999213533e-01
7.691352589247324456e-01
7.264821639678123999e-01
6.179521574956055030e-01
7.569310260248859334e-01
9.021307249211167889e-01
8.765834727413759353e-01
2.919406091232182865e-01
5.123708009428945553e-01
7.078242430747786473e-01
7.518061197172867249e-01
8.178588419392746056e-01
1.170163174700917935e-01
8.857415934127150781e-01
5.541150072329903420e-01
8.863505837405979415e-01
9.151488680371939743e-01
8.585188518334362362e-01
4.940788574329653682e-01
4.567951888668401184e-01
9.064426939253898974e-01
8.796012485412773030e-01
8.353580251859793471e-01
7.729732756713735276e-01
9.008740670509044479e-01
9.415519943313952478e-01
6.117948870505172110e-01
6.692721349229323602e-01
9.561576082039181523e-01
7.553580226727829583e-01
2.361148464731951113e-01
5.432762112183739944e-01
8.510845416489817294e-01
9.473824003415550754e-01
9.015533701584300674e-01
5.120787970136582157e-01
8.250390751396879940e-01
9.736960703536694517e-01
4.171904513037101858e-01
6.408025580040102032e-01
9.770572019555907595e-01
7.882900597071812454e-01
5.004141144875440261e-01
2.104417088626819310e-01
9.623124179379053400e-01
6.684322338898808225e-01
9.404483186095369263e-01
9.287142728572290729e-01
6.993297901160545615e-01
3.216345812832716589e-01
8.428809938145533920e-01
7.850865797985552286e-01
5.882987756491159237e-01
6.702710031060639118e-01
2.307101696117564993e-01
8.152356171946170127e-01
8.872384378792510518e-01
8.919527374417244303e-01
7.536398601635788674e-01
5.217374877483387241e-01
8.679383094467691961e-01
7.873572866683129501e-01
4.018383680104875566e-01
5.356461174766504740e-01
8.070211634055451944e-01
4.116708465171330933e-01
7.477087808246933864e-01
8.102863559873686450e-01
6.883441659365137077e-01
3.830382365743797424e-01
8.213154554761725734e-01
8.018297455918544925e-01
5.941075848459085318e-01
8.068792764721506305e-01
8.544861083186737760e-01
4.417199748760810007e-01
8.643071360363360212e-01
3.632897017206912493e-01
6.996828531972545395e-01
7.343033620406816953e-01
7.187750227497284872e-01
4.783135881618734708e-01
3.885247021435089265e-01
7.834478665031773259e-01
4.323090264816360079e-02
7.263468490772826414e-01
5.120371522395799069e-01
7.969920481663225198e-01
2.804366592833273941e-01
8.865857278277099462e-01
8.769402693808872051e-01
7.809382702786754615e-01
8.585755703705049147e-01
8.596035356210017797e-01
8.818859968537479110e-01
9.446354176730424879e-01
9.732924327245157103e-01
9.555162832707172482e-01
7.408508521454415519e-01
6.707653116737981591e-01
8.703332429535602932e-01
9.740243876742701312e-01
9.394780534465901889e-01
8.946087901430586076e-01
8.733267784790255117e-01
6.619321498275541060e-01
6.997359386584334207e-01
9.051016820621479164e-01
8.460425213753671736e-01
9.424425516925011292e-01
9.460580754055349928e-01
8.676388393401722743e-01
8.639974347929966214e-01
9.507663745892085405e-01
8.130318542638077517e-01
8.171178978310509322e-01
8.881857702783100272e-01
7.604866028726604554e-01
8.685884253949029965e-01
