9.338183799079509129e-01
8.929594529799040892e-01
9.767908535996903119e-01
9.110335568712674137e-01
9.266765385299273738e-01
9.463391447052839078e-01
9.258212012745625774e-01
9.126512336155925276e-01
9.680094135104063691e-01
7.839628701233694041e-01
8.234483181331275770e-01
8.762581576282633122e-01
9.049726053723565755e-01
9.416705676688282844e-01
7.618605285566347751e-01
9.733043745608431774e-01
9.620649797644228451e-01
8.662178122358300536e-01
8.674865434851430912e-01
9.027762388295967888e-01
9.902699094883540276e-01
8.403106097119432683e-01
5.715224159811203020e-01
8.436212374698440764e-01
5.805392533608197958e-01
6.625010947127241145e-01
7.690528383447192695e-01
9.880079818301937822e-01
9.395981502554157094e-01
9.597980973349679035e-01
6.941898507038385402e-01
9.594140673399623731e-01
9.270119222206920639e-01
9.607988066408513772e-01
8.981295219489257020e-01
8.697685206883538633e-01
8.719268006073034316e-01
9.912988253917693893e-01
7.456149594876264608e-01
8.928179089932287704e-01
6.060324619530131907e-01
8.775940587237227586e-01
9.305184881268464547e-01
9.812926024612046438e-01
7.972023717386098607e-01
6.825016802252802384e-01
8.882270520743493769e-01
7.584325275063168448e-01
8.278237218182157298e-01
9.498941201570638704e-01
9.383694668623456803e-01
8.819423684947240716e-01
9.416799711089682834e-01
8.758280002077887261e-01
8.488890515246657609e-01
8.715622576067985072e-01
9.362119635124142025e-01
9.401279372137151258e-01
6.289496915985225423e-01
6.857047096534131247e-01
9.003150000646992224e-01
7.112589153269781583e-01
7.569778856933653266e-01
8.901290137837464256e-01
9.018920405624656356e-01
7.946852313616550312e-01
8.751962290398589417e-01
9.207934472036216622e-01
8.851496795473944301e-01
8.465206134732807808e-01
9.434011174977978698e-01
9.203531399447782979e-01
9.076676845196572918e-01
8.268658665787734785e-01
8.646504896881621605e-01
8.170499814942207006e-01
6.944337008905004938e-01
7.666088768328114256e-01
7.704239643735470988e-01
6.487692976061922023e-02
9.111615533409740397e-01
8.899370611726470370e-01
8.848862086856628117e-01
8.711181390096965904e-01
6.779549873996241205e-01
8.634541981618747419e-01
7.894074115229821054e-01
8.251387880504618133e-01
8.998669548878512892e-01
9.389089214011488993e-01
5.188184377014419812e-01
4.793058870202791533e-01
7.077300065367412296e-01
8.465739897881155995e-01
8.576604588030232179e-01
8.421219835446810409e-01
5.058397485435002228e-01
5.306938716338530648e-01
6.580132912312374183e-01
9.458450960204607405e-01
4.836213297044284487e-01
9.291026076377574272e-01
5.831344359270402844e-01
8.585728509709011913e-01
6.274189379969057345e-01
6.736699975123299211e-01
6.759360416006183758e-01
6.397236195515659807e-01
5.363217080174108586e-01
3.293704631363517099e-01
5.739063053988959773e-01
9.787679252409540176e-01
5.119689391298870573e-01
7.202142539210791838e-01
8.243899892865117485e-01
9.758719750958444461e-01
9.899254305889850780e-01
8.938264709748673376e-01
8.842088008252445563e-01
9.821441083131212668e-01
6.939169363729398299e-01
9.110660997058593891e-01
8.136579887351804707e-01
6.886998077358943426e-01
4.949928387214276304e-01
7.849056584702691630e-01
7.745499411948977286e-01
9.600849981676872202e-01
6.802556754723029231e-01
8.116888033929301471e-01
6.063245926530432817e-01
7.034065699258649218e-01
5.245665397867742552e-01
8.167324569461834605e-01
8.622357758993837162e-01
7.832580726035881513e-01
7.754117762759216159e-01
9.016370806636938573e-01
9.494991449325734800e-01
9.156004412037440643e-01
8.714869847590337448e-01
8.979037776577069030e-01
8.695419511538663437e-01
7.648036283329949780e-01
8.637923932980617892e-01
9.488374161845491983e-01
9.432805268449063751e-01
5.648824306162767428e-01
7.446967452587426317e-01
8.559734536430427809e-01
8.547579379922278786e-01
8.803478798899362356e-01
4.428568955887540182e-01
9.243013554608924265e-01
7.497820627265024962e-01
9.434638374189072696e-01
9.601365657678558874e-01
9.286679825763326512e-01
7.523678794968066130e-01
6.676300419578797829e-01
9.449791685268332797e-01
9.376901845569826088e-01
8.998325094489153519e-01
9.223327697756615873e-01
9.293297934007490602e-01
9.654507869400035247e-01
6.881149029791558958e-01
7.009466916309600171e-01
9.760134355344993740e-01
9.351632060830631366e-01
4.343250474296642127e-01
6.050110883623944780e-01
9.294396155157195194e-01
9.728853621573700927e-01
9.453573595413229391e-01
6.486547870916948844e-01
9.022451335051039356e-01
9.873698717336283348e-01
7.384888981249898565e-01
7.803824563604728759e-01
9.887665570412444982e-01
8.638874535507335972e-01
7.917975659242872943e-01
7.291431680767263002e-01
9.933550562838993070e-01
7.027582942364239971e-01
9.628292872755745968e-01
9.578612010093061624e-01
7.727266410677751107e-01
5.194283135117010453e-01
8.955940725712081552e-01
8.761320216501594649e-01
7.324872801212286566e-01
8.611984055737083033e-01
6.240184879031352994e-01
8.358726590781253574e-01
9.610083061727222598e-01
9.365444967721159308e-01
8.978883826316432781e-01
8.505194533096825937e-01
9.343452464201159602e-01
8.601181391263942322e-01
5.867975579944272324e-01
6.439460007092181471e-01
8.994520856356181815e-01
5.767822143472091101e-01
8.691793997186070264e-01
8.971892430065412372e-01
7.538222681828400384e-01
5.990495377355513629e-01
8.897252624443184876e-01
8.459997585733161074e-01
7.253492889468287075e-01
8.875894731643648727e-01
9.295838743201845222e-01
5.772488431789194463e-01
9.282700142120452469e-01
6.078878068039259563e-01
8.149003156415816074e-01
7.983797775275349728e-01
8.604820056999323841e-01
6.200577839220628995e-01
6.895591769799332971e-01
9.048317210902395713e-01
3.047294527100759959e-02
8.572009742755387629e-01
6.738344338556060409e-01
8.535374044668283533e-01
4.691298323347011801e-01
9.452093444818653323e-01
9.315272031467286551e-01
9.416526501839384000e-01
9.302076357247679450e-01
9.252822576642066865e-01
9.466121864887312443e-01
9.713681453275440081e-01
9.840949614735307049e-01
9.845350395795662291e-01
8.392239091705577803e-01
7.562931784257099777e-01
9.407958584631911370e-01
9.884334999384674081e-01
9.744753914993307120e-01
9.520574180900148731e-01
9.437820346395472404e-01
6.865279740665571895e-01
8.628583871289018381e-01
9.436947546997672687e-01
9.312823195985797664e-01
9.692591117859763461e-01
9.738938049703799171e-01
9.298214819561039235e-01
9.265427427871041344e-01
9.813949292510282252e-01
8.838495360059824835e-01
9.334961575848012005e-01
9.433996540206956993e-01
8.881319748882957610e-01
9.390451301075486423e-01
