9.683692182002640036e-01
9.578351989087705576e-01
9.717842471051265640e-01
9.481424903717110553e-01
9.833616519726703364e-01
9.762596922950460554e-01
9.862880222823272591e-01
9.701040519587809108e-01
9.825143493021551988e-01
3.976301099225428293e-01
9.561026471247143776e-01
7.990561543841401271e-01
9.690159170761883933e-01
9.921597720131414277e-01
9.085060948366397993e-01
9.709839028913453962e-01
9.850313465897737597e-01
9.660615948995968649e-01
9.755570534730180210e-01
8.610948602374387528e-01
9.981895763130951282e-01
8.589575734815511066e-01
9.045591141148801029e-01
8.622306652455217213e-01
8.210353750443757370e-01
7.760871063328961261e-01
7.697782431994826258e-01
9.979169137438849146e-01
9.561565829955490647e-01
9.520457358396263725e-01
9.441694718601141290e-01
7.930959550817126003e-01
9.785332368443366846e-01
9.670044743669267140e-01
7.461931876137960495e-01
7.514783731888861062e-01
9.748757685196746126e-01
9.930117811218104329e-01
9.564425520048099871e-01
9.751553206526348827e-01
9.592846292597458913e-01
9.378009011703155595e-01
8.813519912576076587e-01
9.901868448271323730e-01
9.185455295463887948e-01
8.560011857894108678e-01
9.151832235870741572e-01
8.480634997610869696e-01
8.090221204476721883e-01
9.643772242931435423e-01
8.946130464030804808e-01
9.659095067010935454e-01
8.555067929816773109e-01
9.610134486191249659e-01
9.310476753191432309e-01
8.886767015600941511e-01
9.904381817640713903e-01
9.720552111128460959e-01
9.277531134528398393e-01
7.766345083040863129e-01
9.578916694335615212e-01
8.847160633806619989e-01
9.260475313998980385e-01
9.787609378341532995e-01
8.644557503162452194e-01
8.010959650073243843e-01
9.605694804707288759e-01
9.910392874509205141e-01
9.422576591784486144e-01
9.333549188642333849e-01
9.853924329382557357e-01
9.800103968763851370e-01
9.663699546264710172e-01
9.401495463594071733e-01
9.418949312366211579e-01
8.402288320092134999e-01
8.601279759097824051e-01
9.431936415999944145e-01
7.031113684447785062e-01
3.058298432587313806e-02
9.810484987141353530e-01
9.501801658787627503e-01
9.568962776138109083e-01
9.476924250494233037e-01
8.577365506995610067e-01
8.946857514042024784e-01
8.842891384253414033e-01
7.291323555496161957e-01
9.094653231363406531e-01
9.524961541438929924e-01
3.823138530961600612e-01
6.628339986163606090e-01
7.631143177024378721e-01
8.311690384604838444e-01
8.857220198227514496e-01
9.403316078726579041e-01
8.720895634017034048e-01
7.680625639729181664e-01
3.914837156019255193e-01
2.901446240488080308e-01
3.486453562299199338e-01
2.286690071919408040e-01
7.306157787926148561e-01
6.369017412271910095e-01
2.636097076985210452e-01
6.689248212326768250e-01
7.231776107618914651e-01
8.464639473576131001e-01
4.105305734463333134e-01
5.594113482378639812e-01
6.339629796827873642e-01
4.305143872838179120e-01
8.711256732116240409e-01
7.907419891596229045e-01
2.630200438378068051e-01
9.871202592390291297e-01
9.142150958855701504e-01
9.668458244938554769e-01
9.090320573591871289e-01
9.938971430114927896e-01
7.859537112366070666e-01
9.101429374865334099e-01
9.610694891396220907e-01
8.456468715509385392e-01
7.844752168178725782e-01
6.926102527431843292e-01
3.938250735691559701e-01
9.719816164438620509e-01
9.774823029585643086e-01
9.312653583201131458e-01
9.266701977518930766e-01
8.987961429563645632e-01
6.276324877422844173e-01
7.386074165155771531e-01
8.291918330818988103e-01
8.268163835152860797e-01
8.917875942230263364e-01
6.788625576091513736e-01
7.890539491771755287e-01
8.585152584764954575e-01
9.556448115176683356e-01
9.660269362461793019e-01
9.477386517782755426e-01
5.872634432290767537e-01
7.010994349593909769e-01
8.731376611452952297e-01
7.057214911149147785e-01
8.516965668388972732e-01
8.378158450159032267e-01
9.426650629969831607e-01
8.236805238676946361e-01
9.488567344746041687e-01
8.606575861414702544e-01
7.985464099602953558e-01
5.900086244132547453e-01
9.786290920773442759e-01
5.090377957671420317e-01
9.399882369046060893e-01
8.085249580819879878e-01
8.382827876253335919e-01
9.435577931211347469e-01
9.709371633106546051e-01
8.626410670121601454e-01
9.787288714421873426e-01
9.293963160000010548e-01
9.941801002224258665e-01
8.318681383382143801e-01
8.433492782044088587e-01
9.971575100852242413e-01
9.633284336388425739e-01
8.604554060435036789e-01
6.035763385373652534e-01
8.529480879438898766e-01
9.987163029669583469e-01
9.876262696004487474e-01
9.230326287925533224e-01
9.445710232503523596e-01
9.973823389744495005e-01
2.231472742557354672e-01
7.729607990926874450e-01
9.871578434361465426e-01
8.722680191135445682e-01
9.286955632338868005e-01
5.386358838221498857e-01
9.834970112529087816e-01
8.768029896988117633e-01
9.627702516201120941e-01
9.759891067223016581e-01
8.403877064724983859e-01
2.841920575257555481e-01
9.050864813697646616e-01
8.970836121836134325e-01
8.225224024975423820e-01
6.294453052317827702e-01
9.222163233909803637e-01
8.444122689131052795e-01
9.517061530815061898e-01
9.749940876604572537e-01
9.123292351690514002e-01
2.085937790127441738e-01
9.694243278407963516e-01
9.052260230310329447e-01
8.119752154561401536e-01
8.492022012912363582e-01
9.439476667672860311e-01
5.444830864193456188e-01
9.331456286043479098e-01
9.318361019291000469e-01
7.620011354296345463e-01
8.726670381241138363e-01
8.358798457454816866e-01
6.527031014791565555e-01
8.610751008646742033e-01
9.366630021276989293e-01
9.865577117346395752e-01
2.711756001983731679e-01
9.272977730856835077e-01
4.277171583383369557e-01
8.873392712682277583e-01
7.048280465043950116e-01
9.232226517894576157e-01
3.560541036805651705e-01
7.599458454846342859e-01
9.116624113857810796e-01
9.412966226408725490e-01
9.619971733524840252e-01
9.205041390335343410e-01
8.915562303582614812e-01
7.967398115192750874e-01
9.671762909278697196e-01
9.516616879640965587e-01
9.252269751535298070e-01
9.448345048745576680e-01
9.485231098047249843e-01
9.883526698559376156e-01
9.886550327797092308e-01
9.954623838578748884e-01
9.827687729748282308e-01
8.437410367382442988e-01
6.542179638195966263e-01
4.044215763600291780e-01
9.949054518336426511e-01
9.946186534681339397e-01
9.173470247757948837e-01
9.619698320442220396e-01
8.426539588543728865e-01
9.280489239526407141e-01
9.696353740029955981e-01
9.660357620879762575e-01
9.907610431464680678e-01
9.740079657859587181e-01
9.621930290680126285e-01
9.602497767465305589e-01
9.934340639881110713e-01
8.758503371686937600e-01
9.670256625126644190e-01
9.875003622097610068e-01
9.763576119035302092e-01
9.905947914226839179e-01
