8.466394922822325642e-01
4.932552548140921589e-01
5.997360172904320219e-01
9.044006740680713419e-01
7.083555107007480922e-01
8.257281390313645497e-01
8.079633376598467365e-01
9.701327168477292817e-01
6.680567774842842699e-01
8.440102729099331347e-01
7.235794795237054933e-01
9.007417210746507807e-01
8.280853792374995859e-01
8.426643587267945712e-01
8.326438866513804493e-01
7.907960480210283194e-01
6.096669922743038761e-01
9.085240635823043087e-01
2.358254647112350555e-01
6.523483640494970315e-01
6.343588485775177865e-01
1.960220577841647327e-01
7.304999625422524678e-01
7.448528579974345032e-01
9.615281731839149248e-01
8.065400712212577039e-01
7.359315626614091332e-01
3.756514401648603507e-01
7.680760962305660522e-01
7.021672913675073291e-01
9.188840186885406380e-01
5.580430300751644257e-01
5.305138526526655962e-01
4.880429845843357040e-01
3.786364233019661740e-01
7.877728387474780547e-01
8.354521986046737902e-01
7.846169665696854922e-01
5.962583650361047427e-01
3.235112664099970003e-01
5.101446889808600726e-01
3.534859336550429387e-01
6.138538458513392859e-01
6.280193958797896103e-01
6.361940809180433032e-01
6.865744303101583013e-01
5.295575416825489823e-01
7.107401704661521213e-01
5.573479218267224367e-01
6.319503063445027768e-01
4.938580751188671458e-01
4.525529543777804253e-01
6.152779934983505505e-01
5.591445591788899439e-01
5.796647033145352346e-01
5.345938233475699963e-01
5.938328324130780489e-01
6.489605239059056396e-01
4.812127646639917655e-01
4.202653275950558598e-01
4.949461878267152337e-01
5.942878355843085325e-01
2.608703656477867616e-01
4.643465795948292785e-01
9.310422018179945747e-01
3.962067197668198704e-01
5.362792223504748712e-01
4.973572546901902092e-01
9.542039171915249751e-01
6.204187213322899241e-01
7.894634635765611641e-01
5.994459403064624770e-01
5.091201218130556594e-01
4.309389170479175357e-01
4.566922157187482956e-01
5.181866913104484773e-01
2.967612565805406444e-01
5.276709033304939345e-01
5.598739031941080135e-01
8.327124744754342833e-01
7.449059915988556213e-01
4.193107894902525778e-01
5.686844103099673031e-01
6.355107116953592206e-01
6.479469932414858580e-01
8.221683482222145178e-01
1.660813777357124932e-01
8.535393729320773781e-01
4.701982882812674736e-01
7.481643952021901356e-01
8.458807460950628077e-01
8.728618705616589812e-01
8.548035205411316229e-01
6.075486084877665949e-01
7.956127756404320905e-01
9.041476104928239943e-01
4.403396032817244454e-01
6.397482907808028640e-01
9.183453930423493006e-01
6.599939683187555639e-01
2.393662895452164652e-01
2.625417728480834434e-01
4.047496882170564247e-01
6.714073883776024987e-01
8.609340408178094428e-01
6.337567935880275005e-01
2.762630145325920550e-01
6.140625911065604736e-01
7.275219638886998297e-01
5.191937331578146964e-01
4.306832526050489163e-01
7.004547707504445997e-01
5.292968510494556744e-01
6.670881887861629389e-01
7.197213415376219059e-01
5.557878408547251015e-01
4.234032054641722054e-01
5.943184226459147235e-01
1.075538377983537436e-01
7.507538638929643904e-01
5.590128738015177623e-01
7.287586529762374310e-01
6.855213454208854973e-01
2.460402080274104730e-01
8.969920723382899252e-01
8.688656076215290902e-01
7.666527279832796582e-01
8.538572190555228092e-01
7.172951082069909390e-01
8.017209480816824829e-01
8.732265799303902121e-01
9.381056772406802802e-01
9.419624266320345551e-01
9.167989273058805288e-01
