8.528101895479132111e-01
5.855390688414553457e-01
6.752202351012750459e-01
8.566184636398758157e-01
6.845972926719868790e-01
8.335414711147165479e-01
8.191121953017196367e-01
9.677016561831440766e-01
6.421395213785444644e-01
8.056872492380888762e-01
7.023207439799685758e-01
8.531234197388503082e-01
8.213402757469192572e-01
7.919096608343904053e-01
8.541726844998216439e-01
7.602635915230788743e-01
7.282886295159874956e-01
9.056336335835053486e-01
2.900715250766759956e-01
6.517906346127860795e-01
6.952526216096026612e-01
4.153422743629472391e-01
7.927443626743198024e-01
7.486059803810245494e-01
9.482674834363414851e-01
8.838649051739142504e-01
8.160497600024101406e-01
5.265271389828638515e-01
8.034964270788108598e-01
8.333172061113993667e-01
9.050936472578789971e-01
5.260559849410977318e-01
6.452053374175082956e-01
6.014957353217691427e-01
3.920708977944641904e-01
8.013812256186961802e-01
8.209915456938002842e-01
8.292495866139284466e-01
7.289135791236330819e-01
4.174494690537133845e-01
5.062594601811674089e-01
5.872915072305677775e-01
7.245401984604388224e-01
6.618077881342733226e-01
6.664526346412490421e-01
7.339378301383837622e-01
5.368252648100693136e-01
7.060044704221264400e-01
7.306628975329130249e-01
7.795597042602022686e-01
6.717056232410366645e-01
6.019610549315652648e-01
7.076981772008423821e-01
6.291687814054679473e-01
5.751768661661724735e-01
5.991701220424665575e-01
5.649885842542775594e-01
5.580064282660949226e-01
4.829984978182991773e-01
4.279823189910203496e-01
5.052716314928434871e-01
6.000192024201768115e-01
2.615762761691612925e-01
4.765488193622072211e-01
9.308272903932931497e-01
4.074932149132137749e-01
5.171534506872385029e-01
4.531683449539929409e-01
8.939670139370984314e-01
6.562760992235691093e-01
7.714828754243915343e-01
6.135811193852866996e-01
5.279538937633923013e-01
5.553294590645322382e-01
5.826516870658323688e-01
6.651385629267650978e-01
4.956743215998475893e-01
6.032903107107019380e-01
6.910946712468196695e-01
8.911622771678927579e-01
8.093408492926299491e-01
4.347026193340748912e-01
7.277582121740614474e-01
7.826073917829876603e-01
7.622627309457458145e-01
8.176614992985442587e-01
2.730283122039089960e-01
8.294906442511847944e-01
6.088460604501867435e-01
7.236249582989809914e-01
8.672862107871962545e-01
8.576669251218854706e-01
8.518116247323916923e-01
6.289684979026047840e-01
8.436262424353344613e-01
8.978257383001004843e-01
4.289776164469926711e-01
6.485812991516818338e-01
9.188882449928246210e-01
7.419926433093823048e-01
2.714700287815573487e-01
3.119233404351224870e-01
4.502726634128875194e-01
7.422423913457151246e-01
8.630023494958335428e-01
6.919508040367260415e-01
4.390443602013077151e-01
7.327892990112010452e-01
7.974953466553301729e-01
5.478116628470681704e-01
4.915641217521182216e-01
7.593975705711908386e-01
6.016049654766001398e-01
8.212959306922607006e-01
6.922787921666825328e-01
5.065461316430838190e-01
4.578978985215472197e-01
5.588261035192197967e-01
1.096104018101074079e-01
7.950775279640138749e-01
7.584106709540584523e-01
7.600844775611897974e-01
6.910057309841780571e-01
5.671346443778940705e-01
8.972338412680710418e-01
8.687947148093168037e-01
8.469700589291371262e-01
8.636863270780946733e-01
7.462813669398046246e-01
8.013968175201445776e-01
8.581385218231540879e-01
9.106782255271131943e-01
9.146630800391239990e-01
9.125244881015065479e-01
