8.830418862521428602e-01
5.803203257912380453e-01
6.548296662734028883e-01
9.321008792432391443e-01
7.384164005245034135e-01
8.629163175180316614e-01
8.492352428058290714e-01
9.665252362118510465e-01
7.317502470880333787e-01
9.012490745765948663e-01
7.848643674998088127e-01
9.393183029537159889e-01
8.728612862789333349e-01
9.074586552874517320e-01
8.643390899742778855e-01
8.494530275650586937e-01
7.088425611642840130e-01
9.090348222844772952e-01
3.600157957212426485e-01
7.091604733051894982e-01
6.983200277363830200e-01
2.246829412998509468e-01
7.736002802147474711e-01
7.947872763898913284e-01
9.702579637010820823e-01
8.486829862583451511e-01
8.100250692417154674e-01
3.692614489800767341e-01
8.035629350054426245e-01
7.502042360262730636e-01
9.435291023895272522e-01
6.529609371930412687e-01
6.100275634211834719e-01
5.419659567657217902e-01
4.018817622038731718e-01
8.226217458865960896e-01
8.497086539671230287e-01
8.027512429052259257e-01
6.778013528772425245e-01
3.978914331713969132e-01
5.433488533043139279e-01
4.580747173260971139e-01
6.695473250216540384e-01
7.109157781668842269e-01
7.129087482448577262e-01
7.451813148446800872e-01
6.049682506572138241e-01
7.463255563916548763e-01
6.058143909605450128e-01
6.873372313008898615e-01
5.956206977152447291e-01
5.112118531736794536e-01
6.052602801066598870e-01
5.026569225380691508e-01
5.851348466080903421e-01
4.092094068815346208e-01
5.781638167554667973e-01
6.853381691692926880e-01
5.265127391457208317e-01
3.033515219443917998e-01
4.297352373106602119e-01
5.366104128578718102e-01
2.488336740541769732e-01
3.585856640828871678e-01
9.107793101263890190e-01
3.658594940186005728e-01
6.136365784289220526e-01
6.087269546501480333e-01
9.809328861330353089e-01
6.479296401549345941e-01
8.161091914760544297e-01
6.969984047702010299e-01
5.513218939198819557e-01
4.472304701240051306e-01
5.019544733216233512e-01
5.757109136545508488e-01
3.454715995288208386e-01
5.816042165179855505e-01
5.800330778057272152e-01
8.517296262391045314e-01
8.019558722368969050e-01
4.469462335690722599e-01
6.150186089031159931e-01
7.137640124578036316e-01
7.089371718661465760e-01
8.709835695714118753e-01
1.654497696652544592e-01
8.916361233406592257e-01
4.542295793242138169e-01
7.815988814268080009e-01
8.831001628277836968e-01
9.001857411718271473e-01
8.927177422684853259e-01
6.606938426819615184e-01
8.382396491329782151e-01
9.250975468404133428e-01
4.640581370674426998e-01
6.644645166023807059e-01
9.272407073535980926e-01
7.393156121896101718e-01
2.584294162035369880e-01
2.945628603547655322e-01
4.612465177882970058e-01
7.175679477106825521e-01
8.839361825462711542e-01
7.117485208762940330e-01
3.343608891890103574e-01
6.648160355173021729e-01
7.436264702752500844e-01
4.684012658184649180e-01
4.382617868969000963e-01
7.622866225425878328e-01
3.372963844360334917e-01
6.927171445406581363e-01
7.274245363708300438e-01
6.295645357599217729e-01
3.217419089304063839e-01
6.100630373136446405e-01
1.066216643524087598e-01
7.865524399194978589e-01
6.376733170892656677e-01
7.733571026956880257e-01
6.902548835746896705e-01
2.919064754610460333e-01
9.280457598838501854e-01
8.988101196624594946e-01
8.101992283828505226e-01
8.884238945826384848e-01
7.553845287888760751e-01
8.520058971875554832e-01
9.046504311324212733e-01
9.681328876678416684e-01
9.610994159605745768e-01
9.384944734402370647e-01
