8.938795576325055947e-01
6.162331185280420787e-01
6.609147837012181448e-01
8.912620562443729355e-01
7.227800683295881878e-01
8.637364667978703059e-01
8.426692166243976434e-01
9.711743375386837629e-01
7.817273738984805709e-01
4.893222614990678232e-01
7.571382873713455863e-01
8.865300116712636624e-01
8.499305229713268739e-01
8.290317690562795105e-01
8.694429723855466863e-01
7.861579372216429551e-01
8.312962369117489203e-01
9.347772704010997025e-01
5.806448540515946055e-01
7.467521418023289614e-01
6.076672978783990153e-01
4.195186333257947542e-01
6.693850914716786837e-01
7.877091602247432434e-01
9.703171548961959658e-01
7.578763638350389797e-01
8.824301298715766517e-01
4.621827888003455231e-01
7.868213201958741410e-01
7.150636960541491005e-01
8.883817249787706594e-01
7.249148639622122747e-01
6.834433730037671184e-01
5.721832607796456527e-01
5.368468578939306068e-01
7.947840755118523726e-01
8.693150148527019061e-01
6.615453434243018238e-01
6.234359643216628166e-01
5.304148509657439226e-01
6.708241832555986717e-01
5.200339720809354915e-01
7.332700700785618197e-01
7.534895683222064822e-01
7.901660039321070084e-01
8.265633917869329439e-01
7.017699643611730043e-01
7.771634105727547315e-01
6.683251647483531288e-01
6.838548264801828092e-01
6.407737960663034693e-01
5.304412778943813356e-01
6.118155874048258891e-01
7.194656084957266710e-03
5.606000337709166059e-01
3.808589011242887075e-03
5.259983607358337254e-01
5.053583260585144954e-01
4.716495852721361848e-01
4.238207197943020255e-01
5.137349609103223358e-01
6.045950286701347043e-01
2.639323876716851425e-01
4.795911562308707854e-01
9.308574566647341841e-01
4.201085291963204682e-01
5.117477175439480996e-01
4.431631780879168314e-01
9.240051576453726101e-01
6.954282515604834902e-01
8.506262402018821556e-01
6.856407135705623324e-01
6.556307566075635362e-01
6.382224418964626000e-01
5.157970357341042922e-01
5.948279622830117130e-01
5.079186925527120477e-01
5.879067272680157386e-01
5.922125294344298130e-01
7.978597721797311415e-01
7.433212489616756180e-01
5.102513328782918300e-01
5.921150076877653712e-01
6.720611551545804252e-01
6.893605275756428119e-01
8.513767718398067563e-01
4.234115487847615600e-01
6.525995603515165611e-01
6.195941366798694006e-01
3.035528410900096841e-01
7.840881808875256320e-01
8.670744915828114685e-01
8.749969372877387519e-01
4.246645571371165939e-01
8.605813277600937727e-01
9.230710582592146496e-01
6.102549148885042518e-01
6.993493303717415177e-01
9.424835742961297225e-01
8.098824235824443329e-01
4.926341214133299062e-01
4.500854740874151716e-01
4.570261533673914967e-01
8.097389762661693080e-01
8.869533569169192333e-01
7.393537805782561811e-01
5.184455902839448793e-01
6.722661170732178171e-01
5.746756272184544434e-01
5.526193258268113917e-01
5.950153629136316624e-01
7.208040691034158787e-01
6.059973606117747824e-01
6.178728426630465398e-01
6.356815850134670542e-01
4.889469560396141889e-01
4.540680628026989019e-01
5.096814146110495436e-01
8.126382611603293060e-02
7.782838537343467200e-01
6.974263571246960280e-01
7.996725777666422452e-01
5.454252370235286307e-01
5.805527053431097650e-01
9.140340962144066772e-01
8.890921182974109716e-01
8.230016650356185570e-01
8.766046711667430102e-01
7.768797921028857134e-01
8.155079546872158192e-01
8.720942757031336923e-01
9.331753198808885319e-01
9.363131703138883877e-01
9.264533862076644866e-01
