8.799053742986122639e-01
6.441191945857700496e-01
7.118107040657334350e-01
8.656789545365702887e-01
6.929321294342034587e-01
8.568759398351650791e-01
8.393954715306042313e-01
9.671257204964938126e-01
7.234623036962691822e-01
8.231272006412154729e-01
7.391070288299462776e-01
8.682530424182429707e-01
8.466061854543486254e-01
8.204972361078129994e-01
8.810220884356672055e-01
7.878328597637401787e-01
8.334194871435983698e-01
9.205216969094478507e-01
5.702797736399767281e-01
7.691861150401121394e-01
6.446433286256568751e-01
4.635416151837919441e-01
7.966035646462028552e-01
7.793147368792623375e-01
9.620494733188811320e-01
8.940022634104957122e-01
9.007116917958560842e-01
4.834464193661005549e-01
8.229628388989906895e-01
8.404935089392224778e-01
9.232522375468962261e-01
6.625938506171933362e-01
7.394347585178772109e-01
6.375943503203611584e-01
5.065237179323012207e-01
8.105826426350349889e-01
8.308069878923731721e-01
7.360079044184489883e-01
6.788870222772379615e-01
5.900193664492396906e-01
6.007330176617795559e-01
6.848787910287145175e-01
7.844495943026875695e-01
8.044461257844909285e-01
8.000294977428087373e-01
3.062718052931900914e-02
6.726382721869262893e-01
8.056261902807477782e-01
7.449692153141416195e-01
7.526155698225317492e-01
6.852531838197217784e-01
5.629028299152374348e-01
6.798985581083578644e-01
2.576444218688619600e-02
5.642784746767293136e-01
6.051204413674922122e-01
5.305771545394952771e-01
5.199550310190276248e-01
4.729206738295698154e-01
4.228416641014439703e-01
5.087612997162581641e-01
6.023280808954765142e-01
2.612671641665550437e-01
4.781833746534028262e-01
9.322543628905535229e-01
4.128917459691887615e-01
5.122027233162228521e-01
4.439312908030315641e-01
8.971700662924773084e-01
7.225306107372921893e-01
8.103432523098298423e-01
7.407602388618467204e-01
6.262642621441949498e-01
6.491193390239263783e-01
5.389880890552720683e-01
6.259826006847895030e-01
5.076008755178307297e-01
5.921566431616841486e-01
6.359584564973531640e-01
9.087008653842216788e-01
8.420426927776789583e-01
5.146664524874411395e-01
6.698499962499313565e-01
7.595305876497853159e-01
7.533658625148752508e-01
8.456112412855716354e-01
4.255595293095139620e-01
6.999178290698808702e-01
6.184281401918422238e-01
5.598566994987604906e-01
8.810212406516134687e-01
8.676613205619650993e-01
8.769278268461988546e-01
7.045147068223277520e-01
8.600531132012897428e-01
9.220462423111773775e-01
4.980453847637196785e-01
7.060086603040051090e-01
9.418023399678673302e-01
8.658375939565974289e-01
4.569595225787076442e-01
4.607543671237222527e-01
5.548818747227082238e-01
8.202022094563381494e-01
8.877153697674884381e-01
7.995664451009909524e-01
5.100533977174381839e-01
7.415027441137923558e-01
6.844392305909933194e-01
5.516439531550849651e-01
5.625292094624153583e-01
7.931053899891401526e-01
6.043092329888657410e-01
7.165714465610871775e-01
6.447784241496512525e-01
4.912748892677002988e-01
4.586056623090855044e-01
5.245337852092163411e-01
9.309234070080833756e-02
8.148457571371747754e-01
7.948656112633510906e-01
8.230016141728535572e-01
5.826641648527896011e-01
6.037672889819029054e-01
9.190574938691800089e-01
8.844535528782947464e-01
8.780806826063309867e-01
8.806038100939802549e-01
7.820879492771745101e-01
8.282636619106855669e-01
8.704955837622784243e-01
9.264407335617386163e-01
9.256969459165009795e-01
9.205181104762921729e-01
