9.360852650197920566e-01
7.765844246020030539e-01
7.861304336718319963e-01
9.388728270478462479e-01
8.448267627763228482e-01
9.179669572983252257e-01
9.118498522584985722e-01
9.865068107016640164e-01
8.939367396824892120e-01
9.027101854040548989e-01
8.767329806730378428e-01
9.603344025718939525e-01
9.223320219900376093e-01
9.267741601163912435e-01
9.276427222753160784e-01
8.919550007606762421e-01
8.998059485764997589e-01
9.713326385341253255e-01
7.865099815090377255e-01
7.996271718036125353e-01
8.036952284291171145e-01
5.999052397028309391e-01
8.696221646886278522e-01
8.716961974886321407e-01
9.878079849649581412e-01
9.292812174857842944e-01
9.358412010543294413e-01
5.573354724758541323e-01
8.694811761253495863e-01
8.786479864128041717e-01
9.626346476794115370e-01
8.691604521339481026e-01
7.922023641349865697e-01
6.860275960111584803e-01
5.229427450399317667e-01
8.946695882436237479e-01
8.795465609719436140e-01
8.912819594463567974e-01
8.364695825901855564e-01
6.808426160684554196e-01
6.690765588575031675e-01
8.062140422647957605e-01
8.116833911483893882e-01
8.640440343516933019e-01
8.543394508514462471e-01
8.873488343280143686e-01
8.119757756520401548e-01
8.473242495276545050e-01
7.755069432481470626e-01
8.317917332654647389e-01
8.188366673218551162e-01
7.019262156188043056e-01
7.276701532681834061e-01
7.101585478564509391e-01
7.392598573833377706e-01
6.423473228427012405e-01
7.597208083142459323e-01
8.396265379704099807e-01
7.507094663207740659e-01
5.369261426771640977e-01
5.888412839082842742e-01
6.042241607886644772e-01
2.841717485229374174e-01
5.172716927426100897e-01
9.388938893931036977e-01
4.345045884657744439e-01
6.910628033747850951e-01
7.477626187332724328e-01
9.767959355106976549e-01
7.712222435531017606e-01
8.743799482693284109e-01
8.203067004195323531e-01
7.128678838911290949e-01
5.827280319959816657e-01
7.703573990842562669e-01
7.695278677569805659e-01
7.100538149116669695e-01
7.410175801572614906e-01
7.337441929064810742e-01
9.133516922155193729e-01
8.895252017737533823e-01
5.910905978381011394e-01
7.676933333056733533e-01
8.571583381540668345e-01
8.275503313263199434e-01
9.307214658410993824e-01
3.088179408439825635e-01
9.549867818827220134e-01
7.107426023244638458e-01
8.912727500377926049e-01
9.427113272332662275e-01
9.299524765670860171e-01
9.410325309739443478e-01
7.797717923992880662e-01
9.067829280504324796e-01
9.602045466990655198e-01
6.434376705927734585e-01
7.035277727898178179e-01
9.659136140255443204e-01
8.890701713957391839e-01
4.544560662294655495e-01
4.984513189096643759e-01
6.106210726695463498e-01
8.594843380116404807e-01
9.340017728197601565e-01
8.376974465127399183e-01
6.396404530162800306e-01
7.749155924525543693e-01
8.427108162380367862e-01
6.637530659939471223e-01
6.106883268354525995e-01
8.678853062235335480e-01
5.881325402564824278e-01
8.491869985128132070e-01
8.445621714369163646e-01
7.624454602726061792e-01
5.393533136434465192e-01
7.787076117583207058e-01
1.186551614388388215e-01
8.766436924130021069e-01
8.279501491022881465e-01
8.541042589010516828e-01
7.794058630124557352e-01
6.382047108387760570e-01
9.633486284716438197e-01
9.385822837362826077e-01
9.076057660702420149e-01
9.462551019911552563e-01
8.215134959076063614e-01
9.097366523181157349e-01
9.409331715377546868e-01
9.726997821320600979e-01
9.825959016271620383e-01
9.660440810281704094e-01
