9.850052129424411440e-01
9.379437644991434064e-01
8.919247229044255931e-01
9.905669115891696519e-01
9.780621075977604661e-01
9.862086992537010266e-01
9.808181276832490525e-01
9.970889431917262513e-01
9.685410770708925421e-01
9.822740088947625736e-01
9.782484750019325714e-01
9.840599907651991218e-01
9.860957950854984944e-01
9.922347485704812176e-01
9.754683772607630754e-01
9.939880760389052661e-01
9.829147407274625436e-01
9.960217752301652183e-01
9.513679091320457193e-01
9.754600530752278731e-01
8.961053543137444954e-01
9.436861820610449314e-01
9.739532875384722121e-01
9.552305885156867626e-01
9.986179175633286276e-01
9.844139117573568187e-01
9.761769844920743511e-01
9.762148254866345187e-01
9.781918567845926393e-01
9.678900489108874794e-01
9.826833759568182058e-01
9.755951475955599861e-01
9.188188532826970789e-01
9.597595711366606608e-01
9.316461262860898929e-01
9.877682695987991535e-01
9.750646141300715053e-01
9.507021416514438439e-01
9.827184747034874990e-01
9.402550751078420088e-01
9.473113219138017405e-01
9.807902060702431424e-01
9.484182625113108944e-01
9.787383763934868197e-01
9.747489752812695807e-01
9.847321283152062898e-01
9.549930885045360140e-01
9.449388474102830004e-01
9.662257786256459591e-01
9.643633871713336303e-01
9.260209908862355732e-01
9.290645964840932303e-01
9.530895707212582169e-01
6.177633695825706511e-02
8.656925892952334056e-01
8.681960782688694644e-01
9.164879593264038116e-01
9.581283104536034712e-01
9.118932766300690274e-01
9.124565958781898356e-01
8.825852481753658774e-01
8.088240118766613085e-01
9.204287658535781347e-01
9.415267135729556980e-01
7.454571295850968005e-01
9.283917224268453117e-01
8.920903503144587132e-01
9.134591219982469701e-01
9.917365766169751184e-01
9.941121374576148417e-01
9.828231547684570524e-01
9.503253841747095754e-01
9.701376427334500452e-01
9.077114322045113370e-01
9.433477011433577530e-01
9.752302513424806474e-01
9.392351958844001869e-01
9.528139258093455410e-01
8.882761677407498002e-01
9.857783482974558087e-01
9.307991302590127303e-01
9.874998921630132598e-01
9.512287656089781773e-01
9.786876057375091253e-01
9.603650560634001687e-01
9.056468813921849659e-01
9.576525000285123213e-01
9.366872877445412415e-01
8.817121152966986841e-01
9.627092218785999744e-01
9.688982881967838079e-01
9.905300213318152247e-01
9.949145418206967184e-01
9.696595388569998475e-01
9.709022338957823406e-01
9.970690786155489427e-01
9.739680619506557724e-01
9.031171428064815876e-01
9.982343176033738885e-01
9.643769178583011525e-01
9.297803597424193489e-01
9.601710850222467952e-01
9.248345199159718755e-01
9.795098400616316647e-01
9.878758389749141555e-01
9.555714636084948754e-01
8.872749027212785133e-01
9.412190693519429940e-01
9.489259418487056008e-01
9.218911667388181019e-01
9.336138852780884179e-01
9.496869872946674951e-01
9.275223645927447302e-01
9.540417209449831848e-01
9.246788742876553835e-01
8.956044505721906246e-01
9.421185425506289901e-01
9.164326387160082188e-01
1.202755093887237364e-01
9.466281505909691640e-01
9.716816979119639042e-01
9.438162951369353237e-01
9.526087498578919011e-01
9.360156749010497546e-01
9.959310288207375850e-01
9.857988114553352110e-01
9.703462709432357780e-01
9.779631850571188778e-01
9.548272061078730832e-01
9.875904716714976050e-01
9.896683628585822845e-01
9.948459686439998784e-01
9.912109996859528316e-01
9.835891832982852634e-01
