9.678531001484254048e-01
8.486326124073465538e-01
7.498921480071314427e-01
9.807680998961875174e-01
9.424960569788369824e-01
9.579410394906365811e-01
9.670412556537201221e-01
9.927340648413843782e-01
9.155060325660385745e-01
9.638764694399619692e-01
9.535908719477581563e-01
9.637997977184884490e-01
8.805609523274204875e-01
9.724288748780373082e-01
9.277998473428613613e-01
9.855983636113473390e-01
9.594602292152920597e-01
9.708372564044585040e-01
8.810380062834533010e-01
9.377865962002058797e-01
8.076597376471911227e-01
8.570827440648338680e-01
9.438750271578586482e-01
9.064426405983716517e-01
9.960786455372241388e-01
9.539111518667605649e-01
9.524900020112636589e-01
9.203395300808212554e-01
9.475899783968891876e-01
9.126409734475509072e-01
9.530171663698860929e-01
9.427782755943905357e-01
8.525705829549740100e-01
9.217664749559753012e-01
8.190389430349035438e-01
9.669284596228621131e-01
9.349509478794851836e-01
8.870326221115861776e-01
9.680101211327277744e-01
8.499898469513106347e-01
8.863845821813801651e-01
9.228449660306763391e-01
9.001404324644345367e-01
9.476280985308069837e-01
9.420433962610035294e-01
9.641325722685286648e-01
8.352259799408925378e-01
8.702654521728792059e-01
9.252490633668848385e-01
9.041777680902891579e-01
8.162017885901259318e-01
8.728354214578184500e-01
8.719021398815677282e-01
6.196922135891503869e-01
7.706590359254853473e-01
2.532472114617937420e-01
8.188505365882376985e-01
8.471331071586859496e-01
2.515819301480345938e-01
4.108642596412070414e-01
1.267738476443012186e-01
2.719823913455965969e-01
4.356403254023045735e-01
8.612456112776046835e-01
5.339740547768285772e-01
3.345939908018865649e-01
7.616471013952759161e-01
1.409136898393458237e-01
9.845700528128731310e-01
9.828981460130742365e-01
9.538588957668070467e-01
9.096911948216986898e-01
8.733516282653144280e-01
3.123462990295377550e-01
7.845312201207782499e-01
9.458029347627819883e-01
8.317968021333735917e-01
2.756335036951695905e-01
6.217013184570178153e-01
9.302425554787335793e-01
8.719132846132664483e-01
9.558295278025595865e-01
8.782726205251809581e-01
8.844483162497436268e-01
9.085177713805701050e-01
4.690858546133185869e-01
7.914717880348346446e-01
8.697677789347668664e-01
6.912184801342138307e-01
7.807464205058640694e-01
9.098415626674527523e-01
9.511276084730563296e-01
9.898529462799845469e-01
9.439514328717198977e-01
9.469746184290896984e-01
9.886515690743391538e-01
7.356968634058309586e-01
7.805078235123984465e-01
9.939262479204414857e-01
9.159030190102348534e-01
5.756987798126725897e-01
9.131707251313041507e-01
8.592417585796812141e-01
8.885310906588499424e-01
9.750577655850125591e-01
8.646045770186532309e-01
3.199130306044838945e-01
8.804220415936451216e-01
8.948150536243688613e-01
3.157804355784327166e-01
7.613770828852975958e-01
6.011087584787615512e-01
8.309472096897143611e-01
8.913389575321820635e-01
8.260987306945797304e-01
3.974444470764548765e-01
8.647034387680586631e-01
3.143815630392054472e-01
6.944377405836413830e-01
8.641881967506636064e-01
9.469228015412249899e-01
8.843514664979492679e-01
7.485388281762330731e-01
8.161105793975579337e-01
9.836796038917132723e-01
9.676606903262318093e-01
9.077509675767840847e-01
9.494149158524909371e-01
8.742782303303531233e-01
9.544939958650696665e-01
9.750100793177585157e-01
9.914013939037175094e-01
9.518839465286282886e-01
9.395450372684215345e-01
