9.095299954049028690e-01
6.708850639292035511e-01
7.113364171542821968e-01
9.299970455205379682e-01
7.632915610751771496e-01
8.907060458897256838e-01
8.814389571897832676e-01
9.579958596043466335e-01
7.934283147470296838e-01
9.420900968380016005e-01
8.259485246146444082e-01
9.513150491333101089e-01
8.981902946690444312e-01
9.457923938493961735e-01
9.026877235732952975e-01
8.851840648867872474e-01
8.243520409373806812e-01
8.968122556057974704e-01
5.582024232863791458e-01
7.487075303127592729e-01
7.607057624472932655e-01
3.695194397605743308e-01
8.240827748436463374e-01
8.312826923370220111e-01
9.674816224272028142e-01
8.951061806790702180e-01
8.805215438083321411e-01
4.483055900393346782e-01
8.385860245079457265e-01
8.261851028492187554e-01
9.559030120273982467e-01
7.401537263909259146e-01
7.078124400898854196e-01
6.134073766983254572e-01
4.354679698204826366e-01
8.599433107536276211e-01
8.568939808200988217e-01
8.508281579536381978e-01
7.696002762270007791e-01
5.137112995681557548e-01
5.825024340859410454e-01
6.582467459612030281e-01
7.385580801815300189e-01
7.831961273091322395e-01
7.799208789544345155e-01
8.142826897778501216e-01
6.907902943269719209e-01
7.809310276059604483e-01
6.909091961483111444e-01
7.660515413737244428e-01
7.239157682749585154e-01
6.013940619763016304e-01
6.664138822571588072e-01
5.733532658643265556e-01
6.575941795130040290e-01
4.863449232762781516e-01
6.810237974409597550e-01
7.825145805099860130e-01
6.972808728802233347e-01
4.501119100821514007e-01
5.422812776085145225e-01
4.316625641408541325e-01
2.448766788775028624e-01
4.112208351494733849e-01
8.445013344602602112e-01
4.248692391925480982e-01
6.754969408365736339e-01
7.515760282385464119e-01
9.631224433939274965e-01
6.943436409329523107e-01
8.349859977349106677e-01
7.539249921257350495e-01
6.077402317269534615e-01
4.751545361226993669e-01
6.776629656084987019e-01
6.791690814708092327e-01
5.543140435114554121e-01
6.579588071519816284e-01
6.389846451591117971e-01
8.876041501465993244e-01
8.515557472991175381e-01
4.952352571004352555e-01
6.966000582098097471e-01
7.945256790782205814e-01
7.685860043957218890e-01
9.034753557653689704e-01
1.919071443672510369e-01
9.253762527009862238e-01
5.710888500770869847e-01
8.526468313909099095e-01
9.151489305011896169e-01
9.169466286041625391e-01
9.251010651371529558e-01
7.140079120278466362e-01
8.795173796361804852e-01
9.381377623756101958e-01
4.987031217193499399e-01
6.751938405164952250e-01
9.376964796745475006e-01
8.319308958316385949e-01
2.958593981197502054e-01
3.609341278974328437e-01
5.260449825702864235e-01
7.877065861838697947e-01
9.120277499917502917e-01
7.805106041893982161e-01
4.537291129525455324e-01
7.260418670885024905e-01
8.018789714462467577e-01
5.576813360656079910e-01
5.014833381049500494e-01
8.209295468499502313e-01
3.600335427713856618e-01
7.927868746332498162e-01
7.972590204531276870e-01
7.095905978688817894e-01
4.245636959033258218e-01
7.054737788961662481e-01
1.113242615441433492e-01
8.353423672255131383e-01
7.470506230162925476e-01
8.112328046415798743e-01
7.306135337508337102e-01
4.446023859745403262e-01
9.528465351868885547e-01
9.185360915954021710e-01
8.711765307860095398e-01
9.231064663675553339e-01
7.883014149255708203e-01
8.926373049267681825e-01
9.210405067385476485e-01
9.792501448860889690e-01
9.703908147293002218e-01
9.530069402696397241e-01
