9.754034711523158485e-01
9.260107244594140141e-01
9.147971836823887148e-01
9.830684661415485248e-01
9.681804751134807097e-01
9.732537814970507739e-01
9.656854752387952212e-01
9.947187234328146443e-01
9.676360095731502131e-01
9.825715943601872615e-01
9.598022130776744376e-01
9.826338404092265222e-01
9.696989921987498873e-01
9.820896089934286755e-01
9.786818721417032130e-01
9.670235897582828422e-01
9.701109293214531526e-01
9.920174591283578147e-01
9.465938835650308247e-01
9.274758311939553801e-01
9.091758726486151021e-01
9.504262430620368240e-01
9.502728999734424420e-01
9.530373426600141640e-01
9.973052670672459818e-01
9.801935018118306253e-01
9.823426257447912535e-01
8.907394962472257038e-01
9.497245689941554714e-01
9.668185077497284396e-01
9.870056192588296806e-01
9.616408408581494927e-01
9.187453045440877597e-01
8.771701861426467461e-01
8.223046294043292459e-01
9.658474967167276493e-01
9.346141961784301122e-01
9.586704793908390476e-01
9.533923562305686161e-01
9.207861793009483042e-01
8.884902336478890383e-01
9.577157833410050447e-01
9.324487584498987180e-01
9.577023263080404192e-01
9.560877966749999901e-01
9.664220605008386755e-01
9.536205995381225042e-01
9.377488035522486554e-01
9.199244486667721432e-01
9.414359050480355373e-01
9.412736560949099829e-01
5.842375269053869946e-01
8.939616927563520665e-01
8.181658368412965121e-01
8.599546456967618324e-01
8.145007954878206169e-01
9.194096987685738132e-01
9.520800759423032611e-01
9.498418752684688604e-01
9.415780841449876704e-01
8.801662696229168859e-01
7.039404350298887891e-01
7.334653283872256679e-01
8.862342620826464401e-01
9.741561008759971330e-01
8.118243131843220217e-01
8.978708621589580607e-01
9.592466909637857864e-01
9.867285114892203612e-01
9.301915726351848157e-01
9.498646005758012434e-01
8.843715800970441965e-01
9.273651611544512230e-01
8.117997567985520968e-01
9.443366261501299208e-01
9.263823390113337108e-01
9.270805968442552558e-01
9.060376065547138813e-01
8.739929962925899742e-01
9.715863856593889292e-01
9.510266580675035275e-01
8.774565126080089428e-01
9.273834813732196869e-01
9.578010892153649980e-01
9.285721660549435263e-01
9.740691173102159484e-01
8.399629473940286584e-01
9.808304540505401459e-01
8.569156464601365153e-01
9.765925646790152292e-01
9.786517836828454442e-01
9.770226699625936817e-01
9.834853227704151157e-01
9.147720793141477236e-01
9.615547767215633090e-01
9.863345234872755718e-01
9.235728028529522904e-01
8.383827142818417455e-01
9.888199021313922588e-01
9.650312595541103988e-01
8.206646080334413229e-01
8.707107013236119464e-01
8.433775711090616412e-01
9.554300892738860629e-01
9.767512315001328771e-01
9.364298498541329119e-01
9.222399030310756141e-01
9.076437452002487083e-01
9.383851658391741957e-01
8.480449921520508694e-01
8.089436469918275252e-01
9.451416035294865070e-01
8.187609402211267762e-01
9.460911582488380489e-01
9.306298293586068304e-01
9.034354459375727453e-01
8.742249347435941953e-01
9.175395401295551867e-01
3.454311713915833026e-01
9.495085371744792502e-01
9.520229471622585482e-01
9.372141282392355555e-01
9.293868214506338932e-01
9.391352571288894557e-01
9.907943497813547218e-01
9.762086731251312655e-01
9.695182693539902141e-01
9.874591087802131462e-01
9.173271195573415859e-01
9.742532823325239510e-01
9.802688444120208899e-01
9.879137138147371378e-01
9.929226402077996338e-01
9.870951365024571711e-01
