8.172999053712074469e-01
7.918543410512141056e-01
8.737695296007440549e-01
8.084931304862480461e-01
8.073254149388918721e-01
8.713086914950650685e-01
7.488302535766158119e-01
7.380027586257527084e-01
9.031739987596769659e-01
2.181445785024825890e-01
6.632620262298305480e-01
6.528427980407203179e-01
7.746952360064217613e-01
8.579880987088567279e-01
5.989147088874472447e-01
8.962279729328003208e-01
8.525591353561042807e-01
7.807280535158142021e-01
6.054752640300966604e-01
7.368842988350351453e-01
9.490549398713842288e-01
3.070302866106184303e-01
4.590875625107003755e-01
6.782571761097611063e-01
5.162698489923409628e-01
6.454617935266077078e-01
6.067393689320758066e-01
9.414770786338073627e-01
8.711389729043647057e-01
8.789386052306465968e-01
6.706569364066591321e-01
9.057196479698153002e-01
7.995544408327429631e-01
8.973092861027269773e-01
5.927073083010581112e-01
7.798895853862285454e-01
7.319192449279224855e-01
9.526685064228448407e-01
6.890122591562214405e-01
7.218823088306888236e-01
4.869129336339848013e-01
7.711539271861141964e-01
8.565131884218519787e-01
9.408811083537333975e-01
4.376731222188348647e-01
4.526236344156545077e-01
7.780513095350726216e-01
6.635279818116451844e-01
7.346570350982212227e-01
8.100252003339226681e-01
8.665671091049750308e-01
7.783307185527128524e-01
8.391274698825905709e-01
7.929620620743240700e-01
7.533883652267583386e-01
7.982533760989208860e-01
6.139730151271747260e-01
7.794464122510860182e-01
5.193795828228924272e-01
3.864924403858827628e-01
8.008320248203447678e-01
5.741344578995065673e-01
7.173644286180590468e-01
7.462600187321204448e-01
8.055514404641674897e-01
4.101536801568836932e-01
7.024168770311869370e-01
7.049473048091753347e-01
6.307520882319300748e-01
6.341347429431469784e-01
8.055616373538269093e-01
7.660314819169146139e-01
7.487086834686563774e-01
7.840464974005143528e-01
5.521380093379222309e-01
6.301501338413383335e-01
6.057471834926975163e-01
6.630310218058940164e-01
2.189794005374377274e-03
6.220699675444268939e-01
7.012704016736058810e-01
7.211574729285816776e-01
6.873879404647381675e-01
5.242908828531230858e-01
5.662810801592911281e-01
7.867381599502056844e-01
6.900114028761544782e-01
6.383954725177476419e-01
6.652899603672075557e-01
8.870800926798149133e-01
5.568366285195078813e-01
5.129135173354506527e-01
5.773302006348367543e-01
6.337545090543619253e-01
6.329403850731833980e-01
5.270902584120825685e-01
4.699682074853064329e-01
4.944207805032827530e-01
6.419737622259821253e-01
9.104221121789618509e-01
4.726735239180060999e-01
8.725245910416661310e-01
5.730401785159427996e-01
6.579460075041850819e-01
5.276080951889298154e-01
6.812117381479524392e-01
4.486475190904111732e-01
4.730609374674885625e-01
5.445357116454542235e-01
3.299811947299055026e-01
5.157813714126087135e-01
9.336516172832174387e-01
4.645299099176590230e-01
5.045865721209739085e-01
4.859278898291877757e-01
9.015190482440865738e-01
9.375589715289061044e-01
7.852955669177416054e-01
6.178318729767046102e-01
9.132480489966460224e-01
5.319927640470055730e-01
6.398732743110104870e-01
6.691153552151392070e-01
4.088570043763726236e-01
4.644118374555153972e-01
5.738653984882405856e-01
5.902525531435581785e-01
9.029673435805308790e-01
4.169923391396122558e-01
6.245889359772769378e-01
5.332143377805438345e-01
3.421109674244274257e-01
4.648222965857384814e-01
5.085760265675844938e-01
6.243894934345461945e-01
5.107566306709350190e-01
6.575734909971054920e-01
7.679605153792686822e-01
8.531834090919649949e-01
8.018585347471355318e-01
6.871285575230255960e-01
7.846215387315197409e-01
7.252844315163435862e-01
6.818235513239500056e-01
8.941964140214128109e-01
7.882895056726340055e-01
7.592076049149677486e-01
6.955392530684313401e-01
6.276951517563900129e-01
7.773170284966957055e-01
8.796100157113468931e-01
7.942999987117951299e-01
3.441880103338515462e-01
6.224309743324079047e-01
7.606409240602332034e-01
7.796099147438544374e-01
7.926044046712323876e-01
4.994798099385848733e-01
8.051166572238355190e-01
6.551907649734866057e-01
6.384942618209248355e-01
9.098693685794256858e-01
8.693729035904308455e-01
8.500387754976493904e-01
8.567496658668849463e-01
7.986427860791271982e-01
8.807822149608383056e-01
5.705875011434796695e-01
6.857652081393753596e-01
8.730122653412724087e-01
7.787889348160583758e-01
3.406086380043866213e-01
8.746542761996447535e-01
8.995638895394557633e-01
9.255322909388319363e-01
8.485264737605113794e-01
6.359550792287199661e-01
8.233984591987210111e-01
9.271086664214425177e-01
4.860654492217761913e-01
7.687534899518480014e-01
8.555416276256914143e-01
8.253327917643150657e-01
4.765301517283861976e-01
3.600669939960896015e-01
8.060836139069500472e-01
6.172045375726405991e-01
8.043020242115241913e-01
8.130697899390745276e-01
6.722396281739904111e-01
3.760334138701058038e-01
6.812594470089574639e-01
4.472486612158659836e-01
6.351071846060756254e-01
5.987363485213381686e-01
4.550073956870047120e-01
6.702200890208213080e-01
8.606619594265232376e-01
7.867030190499897380e-01
7.504376128075771479e-01
4.982596897458377305e-01
6.606129461085555876e-01
6.658678482875102222e-01
5.519165939749332006e-01
6.303940628803135215e-01
7.921583986862593685e-01
4.605199087997802754e-01
8.566267406295627884e-01
6.182098901572867788e-01
5.250810420721336857e-01
5.575473801414154718e-01
5.671678042854245705e-01
6.381873082423284993e-01
5.508115256097790846e-01
6.470921699647266268e-01
7.566144892003436873e-01
5.506549376539153773e-01
7.465949651540683130e-01
5.296875713873113733e-01
7.654928614085479976e-01
5.078992038814532650e-01
6.298196757219721720e-01
5.305881969269276022e-01
5.389927284021494014e-01
5.772773920008517079e-01
7.307548001082972977e-01
6.226065032413545808e-01
5.050072831378287219e-01
6.574565757634920349e-01
6.399000947025722530e-01
7.910022531083623631e-01
7.476033741697837298e-01
6.906667881419490396e-01
6.993728576088713567e-01
7.240898271411029263e-01
8.154000871684677909e-01
9.134279077896041432e-01
9.036068062323779904e-01
8.635056972417682886e-01
6.791430972513956554e-01
5.196716184702127039e-01
7.274760806177498207e-01
8.610318615485598182e-01
8.697143640445905710e-01
8.135551659912768629e-01
8.681230865108602313e-01
5.501009484666123939e-01
6.889373587139213662e-01
8.573241712803483239e-01
6.902409307679319150e-01
7.978203246145880723e-01
8.626665960159870528e-01
7.603044920343515756e-01
7.597621785921608861e-01
8.728394215101616949e-01
6.956081919534077285e-01
8.399063444601946316e-01
6.771349312299572709e-01
6.984497577824435588e-01
8.720051478567157899e-01
7.734117659225236974e-01
7.663966826920663999e-01
7.787698204856294826e-01
6.024049137968965351e-01
8.319490783700453918e-01
3.983013189140884869e-01
5.762375505743456694e-01
6.675694178743168949e-01
