9.025003239868578664e-01
8.523569051128309093e-01
9.624950048734292052e-01
8.699817876953380713e-01
9.044943158885728751e-01
8.948623543601009755e-01
8.468348377333018151e-01
8.214515218809028685e-01
9.563843144699276655e-01
3.832164739349304128e-01
7.391603221161527904e-01
7.593025136112419027e-01
8.167106234492422789e-01
8.894098415963749282e-01
6.737421679343845726e-01
9.492850662727814193e-01
9.066683086172462325e-01
8.402690588782325554e-01
8.113893040089613651e-01
7.656246351644603321e-01
9.759183298956578545e-01
4.076014348449973346e-01
4.087204519943866687e-01
7.170139184866949345e-01
4.670577313798416341e-01
4.997864911778581165e-01
5.239858177011940121e-01
9.801246644018734022e-01
8.618277093697690461e-01
9.045451876187410312e-01
5.682523803431061005e-01
9.094919227206373913e-01
7.476449561405609234e-01
9.473141892793611740e-01
5.543438497669684883e-01
7.780111082571680159e-01
7.909445638878205287e-01
9.820033591697370223e-01
6.164810568576742922e-01
8.006873343106637453e-01
3.391572622034954021e-01
6.137492143256746413e-01
8.573711371394283631e-01
9.762089680947272363e-01
5.502337332634946732e-01
4.529606680520734119e-01
7.574912322137744569e-01
6.978617393915906852e-01
7.435855172467712437e-01
8.474072752639009165e-01
8.557071322449650852e-01
7.429024485431651170e-01
8.896271627863092668e-01
8.314265482802454255e-01
7.783542384995686403e-01
7.461595434084348222e-01
7.842075143157515305e-01
8.359871506213319980e-01
5.042487524828344059e-01
3.133022897903702253e-01
8.434625681687125676e-01
6.249851853166591420e-01
6.281639566290788679e-01
7.730857257675628480e-01
8.204106186536882506e-01
4.788663288467754908e-01
7.083495446720752264e-01
8.492698711482180585e-01
7.623898603694273524e-01
7.145517203716570398e-01
8.702791726283451990e-01
8.462470115800784232e-01
8.085904258468460393e-01
7.069916531553909200e-01
7.594058368345371068e-01
6.000764885874878551e-01
5.122668905153395791e-01
6.667380989734776886e-01
1.140562737857287734e-01
7.724940213964669455e-01
8.074495138974853159e-01
7.971802779753022206e-01
7.255672359134641702e-01
6.197899497451867523e-01
5.931586696032179473e-01
7.930225259573231433e-01
6.663326929991069125e-01
6.045934807432349345e-01
7.546558305396013910e-01
8.985496450689510750e-01
2.738450333287645866e-01
2.597651084608586514e-01
4.993514056946986579e-01
6.909800530924807838e-01
6.744718793411345059e-01
7.387502307296719417e-01
3.472332106253959161e-01
3.680132298990428374e-01
5.785866641566228541e-01
8.754526318711108868e-01
3.249417468132333453e-01
8.009199752217878165e-01
3.175806461374218737e-01
7.499024960798986728e-01
4.839009004406274461e-01
6.349891105057562379e-01
3.838833598739357922e-01
5.070468113643750163e-01
4.731220249716103776e-01
3.785747852762540444e-01
4.293656693944635783e-01
8.838353839556392089e-01
4.200263065005581109e-01
5.815290937675632321e-01
7.605051178683994717e-01
9.844441592681139053e-01
9.711807291256018271e-01
8.510915341642126819e-01
7.612769093335550741e-01
9.384912204864377383e-01
5.498597635752697776e-01
6.831021089039639449e-01
6.632883191507960019e-01
2.752890607166182391e-01
4.394855689436761303e-01
7.465612979285952688e-01
6.506881662619665718e-01
9.369674888838516180e-01
4.524697068039844061e-01
6.935664067725211268e-01
4.348748587971534296e-01
3.508639606941443279e-01
2.876746646080397540e-01
6.447383142280633805e-01
6.850283901954239418e-01
4.667037421388988139e-01
6.117199687911093475e-01
7.460893831553274680e-01
8.650774352155476965e-01
7.751874536606665478e-01
7.223182365907739877e-01
7.466456715710496628e-01
6.813624836487222058e-01
7.421402813951231137e-01
8.729022225398354040e-01
7.864937365091119181e-01
7.470062956327513382e-01
6.666889316642913288e-01
5.858932693306887485e-01
7.896969619701472709e-01
8.674940707541749507e-01
8.115126798926299845e-01
2.879831507927283485e-01
5.411265047444060450e-01
7.063373511078447908e-01
7.538709438418578213e-01
8.024205642063791943e-01
2.355976607143339119e-01
8.125488369772999597e-01
6.270576246173189539e-01
6.481326585588492728e-01
9.071503189545254697e-01
8.700836715066262439e-01
8.228218501963048270e-01
7.987853749999690445e-01
8.097173858359459908e-01
9.211634513449513673e-01
5.536007644660139171e-01
6.539193393147140210e-01
9.052045446848839827e-01
7.337747341262015333e-01
2.443889317425102514e-01
8.621827480605784855e-01
8.676674726218560618e-01
9.300393367790649179e-01
8.616483504581161634e-01
5.502811965034460906e-01
8.018482783913338796e-01
9.390742605278786792e-01
4.041128651853957421e-01
6.688854983459666670e-01
8.893383656022258998e-01
7.827092306691996182e-01
4.034257106492632472e-01
2.547510714844399837e-01
8.741713580102841163e-01
6.739297779425349466e-01
8.399132669992096512e-01
8.372268183425788379e-01
6.477690700494985743e-01
2.933689343589924725e-01
8.263748962440639056e-01
7.707201870809169408e-01
6.471952072368165609e-01
7.236393571478039188e-01
2.947932355909982372e-01
7.643950187805523822e-01
8.585478468765174176e-01
7.998096807488849214e-01
7.163860208537534691e-01
4.855391838270802229e-01
8.635442518367685283e-01
7.835124910753220595e-01
4.598770963387543431e-01
5.493858413838291765e-01
7.985341270095495103e-01
3.899665925246132425e-01
8.049642747213382465e-01
6.594925268166313970e-01
6.437202000573434280e-01
5.490612431795460768e-01
6.457645898789483585e-01
6.594942315110934317e-01
5.403067916521553382e-01
7.259823884146759942e-01
8.243489575058621233e-01
4.318890065829977254e-01
7.758899580533230589e-01
4.684354106488827774e-01
7.507282654097880981e-01
5.922115120327461346e-01
6.472593830772513934e-01
5.178235110226193649e-01
5.576077739369947883e-01
6.395424375778434589e-01
8.240364881435675581e-01
6.925360645041377383e-01
4.710832663287187194e-01
7.502964136464730371e-01
3.442996771994870087e-01
8.281002508274107887e-01
7.443394265875389326e-01
5.731857922411841555e-01
6.885229170909641372e-01
8.456448269698734199e-01
8.316691361718953068e-01
9.486470014453810551e-01
9.404912678179881969e-01
8.993172681623261555e-01
7.090068034888500348e-01
5.358573868802386508e-01
8.653666704519606956e-01
8.866828191622904143e-01
8.745542124776026771e-01
8.057945438622532430e-01
8.715050279282441359e-01
5.982953319775508039e-01
6.880080546497727711e-01
8.981976913820670649e-01
7.722378601285316835e-01
8.227677815891761837e-01
8.814334239680522431e-01
7.390090814005181308e-01
7.405599842938025423e-01
8.890541880475169023e-01
6.813075224961304688e-01
7.904700974939740110e-01
6.990433417113516290e-01
6.950805360410404754e-01
8.348954843832531170e-01
7.839277686408222534e-01
7.695374516371482621e-01
8.062566033183856673e-01
5.752775118929107645e-01
8.102988761757363712e-01
2.668551115646119465e-01
5.910111394587521660e-01
6.473951872426059184e-01
