8.478909017220540578e-01
8.180157439585783452e-01
9.253338391464267509e-01
8.257669867781332051e-01
8.465633473359581718e-01
8.629709861060519405e-01
7.907125071477479894e-01
7.751465478475466631e-01
9.343738333544178154e-01
2.271874497096475487e-01
6.822450782701218186e-01
6.535739231621546796e-01
7.582403445426840749e-01
8.425718193339050144e-01
6.308519990089488383e-01
9.179103533100324563e-01
8.711510713881173151e-01
8.124023887297011637e-01
7.111645712029057709e-01
6.553002915487513569e-01
9.657796514840832902e-01
2.701039291827684874e-01
3.648235207059108975e-01
6.201301555375684504e-01
4.437734022083583696e-01
4.824748720018025017e-01
4.513716291306772432e-01
9.614236182248023788e-01
8.127305287352440955e-01
8.660263693505122484e-01
5.117945959806945444e-01
8.656275145220007072e-01
6.857582877322654369e-01
9.208173290571108893e-01
3.935629393415651101e-01
7.276873454662029506e-01
7.416750318746087034e-01
9.717354647371989618e-01
5.648006386958918101e-01
7.509631973403934069e-01
3.268084580304161935e-01
7.279189593499253430e-01
8.035971642559103234e-01
9.602314169241336073e-01
4.811945025382962093e-01
3.942825853667121794e-01
6.794424802640173233e-01
6.743855370374468583e-01
7.134255726288104560e-01
8.302217105068646630e-01
8.009597277833607754e-01
6.655603061780727137e-01
8.578992228693845812e-01
8.083151437256919092e-01
7.479665977791242204e-01
7.005892571067029451e-01
6.704828533109753463e-01
7.330910878827072708e-01
4.637093934812263618e-01
2.294811099631403895e-01
8.012559365005128553e-01
6.011768070142217146e-01
5.856680976905598301e-01
6.999749288695922278e-01
7.752745139914992700e-01
3.794915979198462130e-01
5.598091566132117336e-01
7.945827572925842075e-01
6.730623952409221511e-01
6.364211822843108823e-01
8.271175034960134287e-01
7.997376267843775421e-01
7.700181020195867587e-01
6.724535478235045272e-01
6.634169177942108586e-01
4.923815796763173491e-01
4.573167466567014672e-01
6.665963998387578471e-01
2.017357355958546063e-03
7.070030791129975345e-01
7.426262427174621372e-01
7.412548472740175809e-01
6.438920304287047980e-01
4.868634366681570680e-01
5.719265913778484034e-01
7.376247264677926463e-01
6.016037196605078519e-01
4.984758731380949381e-01
6.259202693891752212e-01
8.759327721078399298e-01
3.683809124996532125e-01
3.506485333811024119e-01
5.102229166573990504e-01
6.529442922470923838e-01
6.501798807738090602e-01
5.766227068089239127e-01
4.462626294954158412e-01
4.812801165464494213e-01
6.290854503859163449e-01
9.048209529013081509e-01
4.514555461955476190e-01
8.457299657615573452e-01
4.852023200452738605e-01
7.465591177859302041e-01
5.316975745851869606e-01
6.582162611501497507e-01
3.982842289135834490e-01
4.630401839445484891e-01
5.385668802420827683e-01
3.593671982168534229e-01
4.997484496120820907e-01
9.305166891924445682e-01
4.554205104307920138e-01
5.079995568670485628e-01
5.879133091438536463e-01
9.587956855624387709e-01
9.505846451459939450e-01
8.221033721852762932e-01
6.523616871661460648e-01
9.171920980795066347e-01
5.342639767642849424e-01
6.183538587157763056e-01
6.801217026557729861e-01
2.598943514056094028e-01
4.597937949381550315e-01
6.149122234881027049e-01
6.091430222513852799e-01
9.240836501234157563e-01
4.031012955452395463e-01
6.589758920658534969e-01
3.996850959255078273e-01
2.924430340806101203e-01
3.297141550515477193e-01
5.183814090676169828e-01
6.545566415478299982e-01
4.153934128094756151e-01
6.402020170958363510e-01
7.476881419537431128e-01
8.598806849582391054e-01
7.735209606368139701e-01
6.937098245984374412e-01
7.551910267633203944e-01
7.015667855941108977e-01
7.205393817290310920e-01
8.616021059326989251e-01
7.710676038960815326e-01
7.436441770471243773e-01
7.161398377691472472e-01
6.084097460412442038e-01
8.019126254821855593e-01
8.690529439332995709e-01
8.022283678694080988e-01
2.826962098338135498e-01
5.809805743573441816e-01
7.268829953057525106e-01
7.569484041892418080e-01
7.880776037634696918e-01
3.413482244550683498e-01
8.142542466136883927e-01
6.574530021833639992e-01
6.754341454801350286e-01
9.133967921341038521e-01
8.463927647942001142e-01
8.424652045345522033e-01
7.766700107707656953e-01
7.949557942466516369e-01
8.918441655289821579e-01
5.496457767655541504e-01
6.678609069503701479e-01
8.848531409496863676e-01
7.127916239854328317e-01
2.635219716537624546e-01
8.930542647357689878e-01
8.848840144968266319e-01
9.159744893313936931e-01
8.359149341529517052e-01
5.724705669113614448e-01
7.998527068502336856e-01
9.284473344342992762e-01
3.993571640595928174e-01
7.027258609289781521e-01
8.678167615080440989e-01
7.893484813833729907e-01
3.971700524594700688e-01
2.361104340652629696e-01
8.606949569249717769e-01
6.634650755502083941e-01
8.207668552734613820e-01
8.111052131230146456e-01
6.509959409608555569e-01
2.445210353995060093e-01
7.626147038224039276e-01
5.995575135308489623e-01
6.293368125581747519e-01
6.083529580316298091e-01
3.194528348704929188e-01
7.173232878718652783e-01
8.357726386653067108e-01
7.779609181876518953e-01
7.134244879156519392e-01
3.591293372894376335e-01
7.830732448163513215e-01
7.174883506811473577e-01
5.406509455159537181e-01
6.054582778309838265e-01
8.186575382649566857e-01
4.578475083770027765e-01
8.518585228251932540e-01
6.300355750872133065e-01
5.838262776760135830e-01
6.037474320425570973e-01
5.870589113963036176e-01
6.693975373555771657e-01
5.328284749379802454e-01
7.050444688771850821e-01
7.981472113266422364e-01
5.008980013540976772e-01
7.601667405553129697e-01
5.324255300656288714e-01
7.693919945704420504e-01
5.391953653279901726e-01
6.424647561856797751e-01
5.581152358633950650e-01
5.624575413799550727e-01
6.077978225628944964e-01
7.870904466822329359e-01
6.344086462941733728e-01
4.741023167085291479e-01
7.113209858660062279e-01
5.101015310723363561e-01
7.901194888857743237e-01
7.323256910194755331e-01
5.868240427744831900e-01
6.751294402292832286e-01
8.089878441388127506e-01
8.007168911845220505e-01
9.300463964544430917e-01
9.196277607422179701e-01
8.774009395420855340e-01
6.814764031209054052e-01
5.144290251388565771e-01
7.473387641475145449e-01
8.711645494942239498e-01
8.625506785589931447e-01
8.127947105903319258e-01
8.421536127770966607e-01
5.793934991030614823e-01
6.514956945970584723e-01
8.745330443910472873e-01
7.182495478282135970e-01
8.058701438507942516e-01
8.627630268301216265e-01
7.374623900186474401e-01
7.359282566007617765e-01
8.748791258963849460e-01
6.773520134425232708e-01
7.928181221242727172e-01
6.704367896716785236e-01
6.897988659367898512e-01
8.425415975689700687e-01
7.597251032812682991e-01
7.521900424463802137e-01
7.846183357151829130e-01
5.742515007593207432e-01
7.886692131620076651e-01
2.940902595184964885e-01
5.720554667276703809e-01
6.592561656897192313e-01
