9.453654976223048179e-01
8.694297828898059910e-01
9.730550343897333976e-01
8.938410843933561889e-01
9.432363157284140431e-01
9.286074410080216168e-01
8.793993907264716636e-01
8.557822957332443803e-01
9.580784190372210185e-01
5.695416974239113639e-01
7.766921394867974948e-01
8.307073462940892661e-01
8.623570573218958257e-01
9.174516493058351152e-01
7.049974186631126072e-01
9.616370165347658538e-01
9.293959478406398356e-01
8.493630223384736055e-01
8.561318906882378066e-01
8.550170928761043898e-01
9.778077495816599463e-01
6.401784809437733870e-01
4.715784258095239156e-01
7.874294017913671118e-01
4.898052245728170551e-01
5.508750998430430590e-01
6.655927781932678977e-01
9.857975201638158325e-01
9.072087791706043847e-01
9.324609340803321489e-01
6.255433411000673738e-01
9.376331318691768502e-01
8.231354584675493191e-01
9.592767643844354319e-01
8.040684280299911224e-01
8.255658908471802393e-01
8.252448503080688225e-01
9.855329911514736363e-01
6.713409752218713056e-01
8.357177588743063268e-01
4.728969302937109376e-01
8.289972730487882302e-01
9.004797826585141385e-01
9.783333339478980095e-01
6.220860153131346770e-01
5.515420737018337238e-01
8.297713624241156438e-01
7.110612084922708354e-01
7.728307020233438074e-01
8.542509533070922201e-01
9.029455171657020385e-01
8.241606383907740252e-01
9.104649516687433053e-01
8.451929816703277476e-01
8.007223943316743586e-01
8.127304837075175481e-01
8.607871946510159411e-01
9.021690878217961673e-01
5.539403283353833141e-01
4.961442606055626592e-01
8.736019361214070189e-01
6.391927943433625137e-01
6.919145662312415901e-01
8.358678191154342851e-01
8.760453079793435460e-01
6.253685246538223108e-01
8.246135258549922575e-01
8.737893257196944763e-01
8.195761572536007789e-01
7.791240735490636560e-01
8.993767362115501207e-01
8.752213090637765980e-01
8.446017033046522293e-01
7.673174848981805241e-01
7.943267671207382419e-01
7.240798153463690046e-01
5.992638570385359076e-01
7.170469759561841627e-01
6.615612545863681637e-01
8.362450640215313147e-01
8.486405986806279111e-01
8.376873514780340813e-01
8.118251222875013662e-01
7.613108288339895946e-01
6.120595890590837529e-01
8.315676818606164700e-01
7.313636513179282428e-01
7.279400004813351144e-01
8.553307337236212282e-01
9.249741098515052995e-01
3.043759568417447325e-01
2.975351998826558653e-01
5.257248002331362802e-01
7.515345655238265810e-01
7.806859368881835515e-01
8.511692084618847076e-01
3.173982370351788873e-01
4.081428315857914546e-01
4.184099428673521692e-01
5.067345155907557741e-01
3.469954622756851181e-01
5.663125928043508672e-01
2.738084607725744801e-01
8.013431920840498046e-01
5.379423342168836442e-01
6.920485351645062622e-01
5.702145695371440004e-01
5.690544400205334030e-01
2.657962478000674977e-01
3.013927402997098048e-01
5.295027810132928447e-01
7.251999224548784095e-01
3.649786039775417268e-01
5.894221986413528125e-01
8.446868906565542234e-01
9.696538418197799825e-01
9.824102383094002189e-01
8.638882913962023791e-01
8.224588488757007543e-01
9.553129634328211273e-01
5.533027511843638946e-01
7.683212610157960087e-01
7.201035984122847733e-01
4.812397274548966264e-01
3.196882882132509596e-01
8.201469091145959789e-01
7.064709518397284116e-01
9.420602938865643150e-01
5.387611363675682830e-01
7.227672406537598571e-01
4.759699586624691059e-01
4.689170996244531597e-01
3.496028506605836084e-01
6.438008403937108826e-01
7.132555562646608616e-01
6.211620774674255774e-01
6.312958340365016907e-01
7.696555062896885957e-01
8.712199849498277748e-01
7.998627655780597978e-01
7.320324069104657827e-01
7.698878369037343017e-01
7.171433824339439322e-01
7.610859354457318871e-01
9.033095909666323253e-01
7.983782931072465061e-01
7.537280702539418398e-01
6.245193043415158130e-01
6.180263793771925140e-01
7.289033854802599022e-01
8.828609617232052731e-01
8.299673936497908855e-01
3.681464022881599796e-01
5.647940583732357078e-01
7.434875851138216252e-01
7.797624750037968067e-01
8.091095575666841233e-01
3.512760889281993371e-01
8.124654477374280148e-01
6.279291222576692810e-01
5.923053577226837785e-01
9.145620510443394080e-01
9.054148281074010374e-01
8.233835209904457608e-01
8.598905262961898943e-01
8.106791689560421954e-01
9.459684964939968355e-01
5.783726005560695382e-01
6.568656729631672242e-01
9.043719596995084542e-01
7.903233348758397225e-01
2.876018096338228691e-01
8.520442568222945656e-01
8.871548103706342614e-01
9.422557947523109156e-01
8.941995562751792193e-01
5.915391384081533088e-01
8.228074354712935357e-01
9.528457576293555276e-01
4.885297855247810461e-01
7.020974834496177541e-01
8.904781709684705948e-01
8.038866906568838955e-01
4.891638946205700833e-01
4.620391766998181993e-01
8.812096427553860467e-01
6.804518014407339166e-01
8.468939093435489118e-01
8.504207962286451927e-01
6.649899348153007761e-01
3.800805978137270502e-01
8.374126542521587169e-01
7.059897008962634501e-01
5.251069866618549575e-01
7.141733462878230299e-01
4.200294853246559490e-01
7.405750182588093367e-01
8.988031204043045452e-01
8.137133309282306159e-01
7.584840098448093482e-01
6.865774519359642003e-01
8.529077202791270906e-01
7.279004565252717995e-01
2.584135923310583727e-01
5.704801874303827569e-01
8.203032945973336432e-01
2.722298085929330536e-01
7.908648661287613901e-01
6.611093545778107261e-01
5.203888629332125149e-01
5.045372914165625611e-01
6.491179130199626890e-01
6.548250948232555713e-01
5.754396751810911814e-01
7.385699353522099386e-01
8.350943807555720744e-01
4.824527892097454917e-01
7.963440463726831897e-01
4.692565865615238585e-01
7.514922537168341465e-01
5.865753519995164922e-01
6.126506151808490674e-01
4.795539619646732588e-01
5.776326710877150994e-01
6.467715058435652420e-01
8.243881363441478705e-01
7.404256151560725252e-01
5.141098851494393385e-01
7.509255146486071286e-01
4.383506393124422806e-01
8.608846272526785581e-01
7.634994134810122457e-01
6.936672260128643464e-01
7.169684850673648802e-01
8.342520317343989911e-01
8.685827818399269873e-01
9.480829987216441435e-01
9.496168324724384435e-01
9.008609131444862417e-01
7.270791317596060344e-01
5.509423201851226803e-01
8.731324949529516433e-01
8.812229860710296681e-01
8.796846295427040996e-01
8.284207660753414304e-01
9.117455070701495634e-01
6.106500472332145879e-01
7.622445997046367605e-01
9.128617788510400288e-01
8.190384103669768878e-01
8.311771764657805983e-01
8.797860146234671719e-01
7.612534535956038129e-01
7.568240424807990419e-01
8.823518806664760739e-01
6.925317111824882410e-01
8.298429704409796548e-01
7.221930470241171296e-01
7.050414077488790232e-01
8.553137956276517517e-01
7.994810336439585052e-01
7.808856951665900104e-01
8.058486622439976488e-01
6.084697242219023749e-01
8.475549360440697289e-01
3.468133225176301404e-01
6.235055816828615205e-01
6.666601977124816392e-01
