9.900521460514378758e-01
9.788929219162598727e-01
9.868435990693846804e-01
9.873409323519902747e-01
9.903655864066673864e-01
9.914140258837516040e-01
9.917047296403133094e-01
9.826523230061051661e-01
9.964970594138712334e-01
9.606270224306161509e-01
9.843030124968390471e-01
8.926320250592273409e-01
9.835131323838379735e-01
9.943401654629359099e-01
9.553850336541747090e-01
9.861097441322476120e-01
9.932180107105005318e-01
9.538744853313214644e-01
9.878700749590212382e-01
9.845019302076477574e-01
9.988697543459180705e-01
9.471580152819080167e-01
9.668907397579395990e-01
9.164955482391287100e-01
9.408363600752686073e-01
8.969828016780662105e-01
9.293843508291572686e-01
9.993316536562263375e-01
9.863633447347744942e-01
9.747125924915708284e-01
9.719100867451491155e-01
9.356901288639272174e-01
9.670141477419055276e-01
9.924413356256751584e-01
9.436895397231601645e-01
9.735362548668159421e-01
9.752899651474924436e-01
9.972245549224966199e-01
9.759961241315452396e-01
9.900825401168485973e-01
9.844589112382982066e-01
9.821068545843492092e-01
9.646139497953511999e-01
9.949666720395980990e-01
9.713885273499458517e-01
9.230256574747324194e-01
9.651993613704259456e-01
9.746196920554253129e-01
9.219931557458151961e-01
9.754234959133629701e-01
9.493498749385742563e-01
9.828202462096080616e-01
9.326705935958979898e-01
9.849032343732581074e-01
9.629104174941792715e-01
9.287928324632525046e-01
9.959930634461006127e-01
9.893657405887550382e-01
9.626011087712513792e-01
8.891589239451498372e-01
9.890965712169003110e-01
9.582436363531661172e-01
9.673551563236031381e-01
9.878167248876572604e-01
9.411195677150603345e-01
9.295530683010199136e-01
9.670449096740174610e-01
9.948864623410270669e-01
9.781760462657668187e-01
9.751929899349192077e-01
9.953775977877492576e-01
9.917064625935237965e-01
9.870421515388276834e-01
9.696837543828606965e-01
9.690802916115353050e-01
9.298852566059899738e-01
9.402650981309548239e-01
9.549494845931040254e-01
1.757122174032181572e-01
9.789490715080432226e-01
9.930421794934708446e-01
9.828568178390354459e-01
9.855911229919400718e-01
9.710439164519711897e-01
9.454145766806171247e-01
9.519903584771072236e-01
9.561550473647525417e-01
9.128217018811533023e-01
9.817793087864463697e-01
9.771446697883798826e-01
9.212726662945818212e-01
9.203321293885857735e-01
8.744985109417255931e-01
9.268853588899625962e-01
9.760530794521400377e-01
9.776598061939671958e-01
9.593896730120357041e-01
9.142667720061857795e-01
8.920195939821825570e-01
7.287688847710348528e-01
9.463860120478021498e-01
7.124993105644034097e-01
9.084995635446593276e-01
7.848314399313339740e-01
9.469541943182827604e-01
9.091574429180721006e-01
9.372507377712392396e-01
9.504617093327399902e-01
8.909062079962024594e-01
9.585723183436556383e-01
9.371851063750129551e-01
8.501135653671724191e-01
9.549260865336930415e-01
9.141182291317020425e-01
9.737314835654278244e-01
9.912352216724897858e-01
9.936363697873656919e-01
9.853521712927609810e-01
9.423876785831674097e-01
9.968026750527380075e-01
9.141441645661092519e-01
9.655892577356666173e-01
9.806342166849498776e-01
9.515268037045714333e-01
9.457999575402854520e-01
9.452584631110454438e-01
9.266391444256675269e-01
9.930382730321822837e-01
9.939190733530991473e-01
9.803498579760924203e-01
9.737789200400909229e-01
9.663762511492633989e-01
9.362849960232932922e-01
9.095815376655747020e-01
9.321821996344755723e-01
9.242036806926423598e-01
9.678946483604642381e-01
8.471761874061332076e-01
9.886963340466962125e-01
9.383469603166206818e-01
9.838838164424614785e-01
9.825552209508952028e-01
9.769850376315648566e-01
9.651798186732746254e-01
9.921414872822714726e-01
9.564547453853731174e-01
9.731434563491925260e-01
9.095834991798367186e-01
9.685225662015402026e-01
9.682726558015353202e-01
9.381098320545865343e-01
9.662224828839683921e-01
9.839082846664193305e-01
9.452889294267572406e-01
9.795611562940047534e-01
9.516129881963687476e-01
9.736681546709222701e-01
9.591160785983954273e-01
8.956678598752825238e-01
7.674081163389072646e-01
9.393790006557134475e-01
9.768845781569113207e-01
9.892871363948654295e-01
9.716910764795632094e-01
9.921262673570457880e-01
9.619724081306415542e-01
9.962737243630271911e-01
9.691522157230301193e-01
9.313970901970788363e-01
9.986009225367320497e-01
9.813884897754979741e-01
9.350028079963559335e-01
9.701393238261611929e-01
9.525075948057367681e-01
9.992684836990562980e-01
9.950611092140931868e-01
9.616265148823789355e-01
9.761331240230798345e-01
9.982272784622977513e-01
9.839289491615502703e-01
9.866839260356892183e-01
9.961532575286284885e-01
9.420498757211054341e-01
9.279829046296322881e-01
9.604661292550288332e-01
9.970420201589709208e-01
9.197340618852520855e-01
9.792157205141435172e-01
9.879889963751627979e-01
9.488747834295242489e-01
9.589424829766757252e-01
9.507580525436185592e-01
9.522878366969402819e-01
9.318823151148818429e-01
9.675704780256429993e-01
9.633335164970053821e-01
9.400480153037834574e-01
9.789378112886496508e-01
9.906115080311828081e-01
9.645106154281223310e-01
8.619477795436514267e-01
9.934679357829546698e-01
9.520142717672194221e-01
9.104157243289017210e-01
9.484482526237432154e-01
9.811646072098982874e-01
8.786517460697215176e-01
9.621816398315717889e-01
9.726794235056094307e-01
9.211781015983070420e-01
9.561737455552254961e-01
9.224498076556606474e-01
9.457871399073556340e-01
9.230981742601124251e-01
9.660537121941182859e-01
9.947893650675441179e-01
9.014240600122486180e-01
9.586648547173459711e-01
9.647375220956545538e-01
9.569303060572357245e-01
8.087181489429301484e-01
9.711998304534128490e-01
8.778203387724304863e-01
9.251827997191737207e-01
9.719585396557566259e-01
9.752924013530972491e-01
9.860151359396218673e-01
9.667180720983773456e-01
9.744833241452222072e-01
9.386096489473075843e-01
9.940671192046739435e-01
9.848915438654457510e-01
9.732338406068687942e-01
9.742330279168437412e-01
9.774125907144313175e-01
9.965469050266907436e-01
9.946688307297411047e-01
9.979090995485803139e-01
9.903642142976593066e-01
9.264440486483660475e-01
9.052032309511125474e-01
9.347658255443561659e-01
9.974993701901164744e-01
9.972211614680626113e-01
9.787618184383136688e-01
9.778982040430614919e-01
9.346445005380339399e-01
9.750104155458532151e-01
9.848778848290322685e-01
9.790189277214632613e-01
9.978940059099833393e-01
9.940942068476327220e-01
9.842313795169387314e-01
9.839166830653127693e-01
9.963454811398242406e-01
9.344328972916585707e-01
9.883665324731925050e-01
9.960159146011594578e-01
9.840916879770778003e-01
9.950423398247567608e-01
9.892846061032499749e-01
9.935226056075412426e-01
9.894108551044366040e-01
9.306618235920293136e-01
9.791746859939395309e-01
9.607537698513184399e-01
9.733961171538187962e-01
9.713652895103231932e-01
