8.449767667957915895e-01
8.221901039805942224e-01
8.850920764404650587e-01
8.391991936339732172e-01
8.363019589904071571e-01
8.958193070514809397e-01
7.723565171566546539e-01
8.138033192762224033e-01
8.957274984111921468e-01
5.269742156256594923e-01
7.870237638254808932e-01
6.480291492644079110e-01
8.258315754023993760e-01
8.907898255440808155e-01
6.990638933526776011e-01
9.198010510714597077e-01
8.834799386628928719e-01
7.869553846766884631e-01
6.323766167140234540e-01
8.374792871852302367e-01
9.464927266997408273e-01
5.679050159422994737e-01
5.824983968788030042e-01
6.856582254280880750e-01
6.570114938178203134e-01
6.612254629956232366e-01
5.975520993206199227e-01
9.528536997939516251e-01
9.039463811924118852e-01
9.120876708521112874e-01
6.931977505965231101e-01
8.876836353554442560e-01
8.093192360753139747e-01
9.126126504074061341e-01
5.515205824102630272e-01
8.213388127374812164e-01
7.667287249351107947e-01
9.548510446209098612e-01
7.024969240467210385e-01
8.319174667048464533e-01
4.227381124118693712e-01
8.129668389377007198e-01
8.613425533319442051e-01
9.500095994588146908e-01
5.024355150046629914e-01
6.346286793511610735e-01
7.649208040971001710e-01
7.633582640472790226e-01
7.613808633448234664e-01
8.287966226121042945e-01
7.736451754187625429e-01
7.173058630957805937e-01
8.388052870394435701e-01
8.386225525392936309e-01
7.944924955138102929e-01
7.593340840385152113e-01
7.982691016291275643e-01
8.407007779747562859e-01
5.869071140618583593e-01
4.473483163301003596e-01
8.179106951328134478e-01
6.477292004223611510e-01
6.900411279491878158e-01
6.920731045727450681e-01
6.621185950287524768e-01
6.704504831769060313e-01
7.670342906451627085e-01
6.967665048925629767e-01
6.781217342780859747e-01
7.934090106500647499e-01
8.814347216405901131e-01
8.330773898976813197e-01
8.357356789556390497e-01
7.788907263219392307e-01
6.328829656345931198e-01
6.575851604213958090e-01
6.165305938871670222e-01
7.162726064852835695e-01
6.825789877957848528e-01
6.172410968923294217e-01
7.066317049305868014e-01
8.426767205695467888e-01
7.968386503851753178e-01
7.710284378319316456e-01
6.883737545825198145e-01
7.938141261413057537e-01
6.938996838042656989e-01
6.587509820581981534e-01
6.197987322622581230e-01
7.698538168484865274e-01
5.615877164560929558e-01
5.223048014429367836e-01
5.996745335409960909e-01
6.146705565055162745e-01
5.824732073051291925e-01
5.081895193084911000e-01
4.785256681870282414e-01
4.976868853038264873e-01
6.464467705434204792e-01
9.186474766521248725e-01
4.670801118153682374e-01
8.901562278130954464e-01
5.891895057474344499e-01
6.200329285697734338e-01
5.306347275265240748e-01
6.834419146746540941e-01
4.942765471856359061e-01
4.823463463583099187e-01
5.524555548132109584e-01
3.173593111978902370e-01
5.100750506985982646e-01
9.361424920962572171e-01
4.667029721568555223e-01
4.860077468952587187e-01
4.717367687035786683e-01
8.931498832058967219e-01
9.649009279067781719e-01
8.315053634963064377e-01
7.701530373205610625e-01
9.258875544433896598e-01
5.742598545722358283e-01
6.087734244818334695e-01
6.902135921438938837e-01
3.939390667725207740e-01
4.653730832525669880e-01
5.672626548288549619e-01
6.254108273069443058e-01
9.151327286593864407e-01
5.786057551481119665e-01
7.270426084400600786e-01
6.359274278066979758e-01
5.237511264654545196e-01
5.089483849411896577e-01
5.090957490400400687e-01
6.648329191372704949e-01
4.925229087663453575e-01
6.322143400274217173e-01
7.789590175049565524e-01
8.457707122765950603e-01
8.049738318794977809e-01
7.104950649843839727e-01
7.806762794267740890e-01
7.190530889396632430e-01
7.046435829286769037e-01
9.059574987610048424e-01
7.920114242286449002e-01
7.287043785801390339e-01
6.283379776320046073e-01
5.961403934914759617e-01
6.770560378604940643e-01
8.763897430093268159e-01
7.739450945604657850e-01
3.725495374241303836e-01
5.824624346139466446e-01
7.448771009589537639e-01
7.733842941075701471e-01
7.953038545486029731e-01
4.673562550045035069e-01
7.416335155481090791e-01
6.250123525485986598e-01
5.839598765458630103e-01
9.014768410417555167e-01
8.942476447487682778e-01
8.266404509749111229e-01
8.892736013669416684e-01
8.014301491827644508e-01
9.076863645357422516e-01
6.087598583895885707e-01
6.937386867365227250e-01
8.963435166161261014e-01
8.080642889939777529e-01
4.185442682947023707e-01
7.603149605020549373e-01
8.915946308222197914e-01
9.359140005129459317e-01
8.811025669884109401e-01
6.355878210301917353e-01
8.198593498490421849e-01
9.419733584306827501e-01
5.954828678232145789e-01
7.662720184050194616e-01
8.755850611293599650e-01
8.396549080751504190e-01
5.574089069671012142e-01
5.087438961128086801e-01
7.330099112955424934e-01
6.056413833768540256e-01
8.003170885766378584e-01
8.337715915781944709e-01
6.674935481394429493e-01
5.144621656594690062e-01
7.093979570918511612e-01
4.952209775987851392e-01
6.273286096509481657e-01
6.418466468147803194e-01
4.840413172145386911e-01
6.654308469751974986e-01
8.639790398102930036e-01
8.041112107739594173e-01
7.522844766877395672e-01
5.567104149151508308e-01
6.725041069313467679e-01
7.177307599754620959e-01
5.474459266859440509e-01
6.360942557790099094e-01
7.759686089198003511e-01
4.514935910737039593e-01
8.365572526737943271e-01
6.257276573319023871e-01
4.321389697732771484e-01
4.980019579205407498e-01
5.400693745535879442e-01
5.707633314444341410e-01
5.816630327041147908e-01
6.567971846866883512e-01
7.456234576825444549e-01
5.523653787507836199e-01
7.382019308873176699e-01
5.098729702507012185e-01
7.473000711213304559e-01
5.376755209122929813e-01
5.716557211675381556e-01
4.916503379379838501e-01
4.524932501618648684e-01
5.744578266053909088e-01
7.287063110282306910e-01
6.459980636820468192e-01
5.268868340140939743e-01
6.586877290878159208e-01
6.179677165862318411e-01
8.263442766009374552e-01
7.570343343067396091e-01
6.999148175145988304e-01
7.062473577735369767e-01
7.041292585697600526e-01
8.497190856047425189e-01
9.135668255581774755e-01
9.219861489123908349e-01
8.832105961971321584e-01
6.931981400875942834e-01
5.708116080860557995e-01
7.466631238552787764e-01
8.698074448768963185e-01
8.784749700743847978e-01
8.123317289226165139e-01
8.948448538619662163e-01
5.423321719445024502e-01
7.360190021237826841e-01
8.525867826145034911e-01
7.421664975979886947e-01
8.021477517923736311e-01
8.701896715032019225e-01
7.624986293951329097e-01
7.655690842401666751e-01
8.821253404990814229e-01
7.042461424797303859e-01
8.471358561067163784e-01
6.930593635962777332e-01
6.994299369789380716e-01
8.743874058544797157e-01
7.982184308470531287e-01
7.770960952664096588e-01
7.918761993195940763e-01
6.129178753269617363e-01
8.569717739375838361e-01
4.364259960872072797e-01
5.756090705600656054e-01
6.570064600907669083e-01
