9.839340529886262399e-01
9.531024715469356146e-01
9.906385774781634179e-01
9.693491469901502899e-01
9.817890303031043819e-01
9.846768977386677335e-01
9.657579389510855261e-01
9.742287751468707846e-01
9.918548054238727207e-01
9.407172060781154865e-01
9.422357421550853207e-01
9.211434521744338300e-01
9.704402701484940996e-01
9.799261411455096882e-01
9.208696072712786451e-01
9.893980700489395375e-01
9.887941180671950825e-01
9.448319162873561883e-01
9.689985353919106092e-01
9.704068708461182080e-01
9.986529209094430204e-01
9.535194903044925674e-01
8.525793769952615397e-01
9.145360257595905873e-01
7.570131671000339679e-01
8.474571744515527749e-01
9.384408338906160552e-01
9.973128613681002674e-01
9.847867432913313124e-01
9.844994276648650899e-01
8.701728640244887902e-01
9.804512904543415397e-01
9.650834637245502279e-01
9.894434865628737308e-01
9.710605341527803747e-01
9.501002695120338570e-01
9.531582657278414583e-01
9.958638493182676577e-01
8.961680808444169033e-01
9.673136416939207560e-01
9.552356322859160143e-01
9.569925805486899639e-01
9.734589996887297314e-01
9.956808132704481062e-01
9.580686576012026334e-01
9.276353307685318850e-01
9.613499927046790239e-01
8.642667990197843153e-01
9.312910553378001000e-01
9.336799306911540697e-01
9.676648545923198785e-01
9.673602085958987740e-01
9.778351425609324021e-01
9.291015974698311197e-01
9.093761789843691767e-01
9.511788208498254127e-01
9.859528191618021076e-01
9.809596631358868946e-01
8.292393622721249136e-01
9.306908612480677689e-01
9.704033233314125484e-01
9.014571964309028296e-01
9.103419290140285502e-01
9.675375581526433066e-01
9.619557749466146612e-01
9.514242246638781042e-01
9.619100435274081651e-01
9.764616258587553999e-01
9.689292577444511556e-01
9.559478602228290711e-01
9.828513648482197773e-01
9.707814258773234117e-01
9.808043430445551047e-01
9.356152314712784523e-01
9.470774511021217146e-01
9.413612351138731515e-01
8.897639872198251920e-01
9.091215041402881392e-01
8.254020068416956235e-01
9.708664515705428544e-01
9.733772831620832733e-01
9.669438935797789458e-01
9.658943836696296525e-01
9.646457150320179030e-01
8.357844190161919373e-01
9.318888007989741817e-01
9.285804696673284342e-01
9.471594783004414486e-01
9.717614575261102061e-01
9.741843782878678581e-01
7.710613430164693360e-01
7.513827338206623407e-01
9.318633176755405367e-01
9.367990548266631468e-01
9.579339609554334833e-01
9.687493024167500577e-01
7.999871868875254588e-01
8.221956561785679352e-01
7.625885062609498721e-01
9.809041065835421014e-01
8.590615540305734932e-01
9.713297507244629259e-01
7.352641482059439904e-01
9.189029103378012486e-01
8.849777488281800331e-01
8.727621986815732313e-01
9.535816144787226945e-01
9.497334262144008221e-01
7.148921261184282283e-01
8.369011495957806579e-01
9.136122355872173806e-01
9.803630581560417445e-01
7.208061049109356633e-01
9.344560032224754620e-01
9.708311106148279634e-01
9.863776385547043946e-01
9.971745930279024561e-01
9.511366444223909866e-01
9.224906912078192356e-01
9.926075825038341849e-01
8.249870284936332565e-01
9.748768762771772289e-01
9.392182597274135736e-01
9.559990388461458988e-01
8.659434015231044501e-01
9.588000657836633911e-01
8.607042120176968680e-01
9.843484050105654193e-01
9.573201987911243993e-01
9.515392730224612183e-01
8.454182956211834243e-01
9.518909231577937780e-01
8.883712421955952676e-01
8.887447316315272294e-01
9.260731289121462151e-01
9.223268863251363747e-01
9.122982145120703823e-01
9.189693935760593346e-01
9.818035151771915547e-01
9.592630402944301027e-01
9.329405538893288385e-01
9.625568347845996353e-01
9.573440461441126148e-01
9.243412913695564503e-01
9.859319244870952126e-01
9.831479902934456838e-01
9.897210968686834809e-01
8.585726114082100624e-01
9.234380955016160408e-01
9.599744039887180280e-01
9.802005426902460350e-01
9.830979452729804446e-01
9.440131273778636922e-01
9.521617719328743235e-01
9.640960361848867066e-01
9.540876885201461377e-01
9.484202650185705741e-01
9.537256365448446571e-01
9.184859154987394803e-01
8.643143363493583919e-01
8.508334052074610909e-01
9.810714651071595904e-01
9.860969590836511367e-01
9.781246367199161185e-01
9.827154206397650249e-01
9.573562047234921435e-01
9.860871496298211358e-01
8.812083396216583431e-01
7.914963496543239163e-01
9.918311697488579881e-01
9.752659149257952853e-01
8.619405546181521105e-01
9.775062284417406211e-01
9.760801045403156850e-01
9.922007498483085275e-01
9.837869923844433373e-01
9.176744096851409127e-01
9.622848824856680139e-01
9.968614923497260971e-01
9.584337413844599141e-01
9.592296588842855742e-01
9.987773553232769386e-01
9.484988974153641950e-01
9.464751880962473107e-01
9.540824359716011394e-01
9.989956059992350923e-01
7.646391338212121802e-01
9.772782328260678497e-01
9.823004415342871942e-01
8.866967866539551268e-01
9.232679201934937963e-01
9.443751201742919266e-01
9.436427015001491725e-01
8.752512929723090807e-01
9.469674457454817507e-01
9.349839148774855557e-01
9.255436265725537348e-01
9.806355286327327336e-01
9.769240456191933264e-01
9.705311075478242344e-01
9.506685691901654023e-01
9.773959651033657936e-01
9.131639996893912148e-01
7.662212049478323017e-01
8.172726824974942961e-01
9.652169720223513494e-01
7.770515931077759397e-01
9.499220561819936570e-01
9.547128699166934629e-01
9.353127531915237380e-01
9.112853535284665130e-01
9.332821429111868294e-01
9.495075983276751730e-01
8.599553756394051618e-01
9.447376120404815669e-01
9.786337859693152730e-01
8.311581650843182789e-01
9.588932123322470025e-01
8.679159523540372900e-01
9.259841981222154406e-01
8.671084079879637363e-01
9.605335468206650518e-01
9.073338532035671866e-01
9.556158833996221125e-01
9.649033661346835267e-01
9.588701511813111367e-01
9.531668994549853391e-01
9.136997859600436422e-01
9.478427578440843382e-01
8.966466708926950080e-01
9.874601951237370612e-01
9.752277417221456579e-01
9.812160941595736707e-01
9.806640643374091582e-01
9.676501752196643436e-01
9.880521458468020102e-01
9.914533116432134863e-01
9.939741718543231297e-01
9.937911293150382130e-01
9.395686455025853423e-01
8.235687972532123036e-01
9.659925066276024985e-01
9.964856230099430334e-01
9.920558958293929086e-01
9.867206329844544488e-01
9.886646569945790608e-01
7.875085032291575526e-01
9.755622175641041061e-01
9.786403957727453085e-01
9.743005232481543043e-01
9.861782381684301990e-01
9.906090803362116448e-01
9.739527963586989134e-01
9.743281893259790882e-01
9.928465205981298336e-01
9.292142037115114217e-01
9.865247912559833576e-01
9.864891131111689360e-01
9.604119570705214048e-01
9.820989412775595895e-01
9.845184431180563633e-01
9.855957017154144406e-01
9.847421268929889004e-01
9.385947536093721677e-01
9.744394530907195540e-01
9.047160158785045869e-01
9.125781910081330883e-01
9.249681728980557738e-01
