9.691969690053278130e-01
9.593913084323537621e-01
9.733967073509781631e-01
9.630719115120860430e-01
9.736737820077779881e-01
9.728600062645371693e-01
9.690433408812632043e-01
9.684385200294057805e-01
9.929732895941350002e-01
9.154764594540909517e-01
9.579890304263826151e-01
8.047130917839498965e-01
9.754386864533245438e-01
9.928742364017660860e-01
9.049119814345308876e-01
9.698458009304218308e-01
9.869968292835030743e-01
8.356999571214928091e-01
9.605850810162360753e-01
9.603022065050504930e-01
9.979365962608665042e-01
8.635982471272476424e-01
9.060442213125701194e-01
8.593479055202295491e-01
8.753463591634008667e-01
7.874457593521859700e-01
7.922817673869436694e-01
9.976176622540832151e-01
9.587514997333357325e-01
9.471398075408286044e-01
9.438843899703956986e-01
8.264357955761204577e-01
9.033981451704278243e-01
9.733937520453544989e-01
8.560833755599718264e-01
9.481342552178904093e-01
9.597369132944609804e-01
9.924131398301563323e-01
9.558898949988186011e-01
9.757780450247101056e-01
9.573406935657586825e-01
9.662192856585818390e-01
8.954826473664654340e-01
9.905178322574844652e-01
9.148019053425371361e-01
8.607319693634035707e-01
9.139648223023307816e-01
9.355387613145400572e-01
7.955479965408867038e-01
9.370464598144720991e-01
8.847327230244524943e-01
9.672960875001271885e-01
8.750673722007568101e-01
9.614135155076537487e-01
9.317487660545626937e-01
6.755754807380253135e-01
9.901634697613259650e-01
9.825831694296087715e-01
9.406528920356580503e-01
7.035437267528968919e-01
9.708971371356134306e-01
8.746107136726065656e-01
9.251799239560724031e-01
9.782609495437837310e-01
8.211612163920956053e-01
8.502837307936195188e-01
7.954756855885387612e-01
9.906384493995651352e-01
9.418646521428811758e-01
9.380463848614438716e-01
9.857989401832719656e-01
9.833711071208889321e-01
9.656051186186237478e-01
9.391938280208308454e-01
9.424240708794585641e-01
8.167705243497356271e-01
8.882663271383453019e-01
9.371500856463492735e-01
5.314930369899648621e-01
9.331813269031722369e-01
9.821561499823756591e-01
9.542875484815563913e-01
9.581360758321956217e-01
8.523366598898564073e-01
8.531775324840288333e-01
8.978556385408070772e-01
8.574896711069432964e-01
7.920713924344341406e-01
9.637900754491742772e-01
9.541994570293632627e-01
8.121510612398269435e-01
8.070756471689217726e-01
7.662979880276060696e-01
8.576134553747944977e-01
9.522007352863924856e-01
9.480378633757128304e-01
8.743928458868754916e-01
7.851155303541432762e-01
7.504772516343216626e-01
5.119040176254200381e-01
8.745180517955134514e-01
5.256261595375002482e-01
7.482580240997620535e-01
6.518466554983004535e-01
8.858137045000121779e-01
8.405966426681273918e-01
8.199294227018192327e-01
8.492741550735866118e-01
6.574857620127280144e-01
8.563305261686805503e-01
8.451152887575120731e-01
6.333269001993284686e-01
8.675397552081488550e-01
7.956705177886514990e-01
9.164034032576505728e-01
9.893928122851916029e-01
9.887322084313723281e-01
9.687012907752157176e-01
9.165557042056036163e-01
9.934277110163586277e-01
8.422298103697835048e-01
8.434401317827542321e-01
9.624203144029844781e-01
8.516688986415333895e-01
8.117963433054323774e-01
8.572652599830178355e-01
8.728820241926725787e-01
9.787250568547199991e-01
9.807261510885150191e-01
9.311808929417835223e-01
9.260531754340295407e-01
8.763621026432298899e-01
8.049747229508880109e-01
6.265820940088816515e-01
8.784756906175372748e-01
8.270991094945980837e-01
9.038451564020731910e-01
7.199448359828185540e-01
9.824524784336718941e-01
8.767845612468931904e-01
9.562044241224475494e-01
9.668328965046205647e-01
9.569678731716747544e-01
9.208418165351223150e-01
9.823731755019364797e-01
8.799723570797295391e-01
9.383456458417100965e-01
8.173720878869169537e-01
8.784238032216420411e-01
9.236634778714533089e-01
9.003882654780269723e-01
9.227625230555714930e-01
9.395712515519778485e-01
8.581106679072715293e-01
9.488929455530220602e-01
8.625442157645416552e-01
9.491339479080326269e-01
7.642880554915835178e-01
7.934266369608669045e-01
5.928792197252903406e-01
8.567044419867503313e-01
9.336168305515745169e-01
9.724853497476921849e-01
9.200366771692287671e-01
9.807221029303374582e-01
9.208807393151995369e-01
9.877780856873245030e-01
9.007690995716631788e-01
8.298845868556679051e-01
9.965458778692357633e-01
9.643334719665644927e-01
8.301182480182549561e-01
9.187073093262182466e-01
8.856786295576227763e-01
9.987207926511754152e-01
9.882177150564749324e-01
9.168205416182449996e-01
9.609550969377638197e-01
9.972726537360341315e-01
9.408015723956721921e-01
9.622701847622064930e-01
9.941986659834245454e-01
8.654388377012588451e-01
8.925237866186710445e-01
8.888559117043607349e-01
9.917178024053392438e-01
8.883830764279233572e-01
9.654999606122753875e-01
9.776422845375546400e-01
8.657652667774740074e-01
8.856683793395290216e-01
8.892937006346031126e-01
8.948932217945091416e-01
8.290020096550393403e-01
9.356666243593980692e-01
9.178218861468370182e-01
8.672554925796183145e-01
9.139912614530006918e-01
9.722692469847492580e-01
9.173097470811261145e-01
7.110274416192968738e-01
9.853490215548974529e-01
9.025295765247818291e-01
8.223905636278097120e-01
8.780660408098753811e-01
9.541557149257337000e-01
7.668443443604103793e-01
9.309942776942139453e-01
9.285425674332418167e-01
8.144656406573044238e-01
8.977386998432076437e-01
8.497728588976676267e-01
8.219081528672753656e-01
8.505511481422300957e-01
9.489451725651208980e-01
9.884556514491326107e-01
7.658928748684875609e-01
8.043603072675920007e-01
8.970218573652465333e-01
8.807223308994867050e-01
7.007809485043572373e-01
9.185707720081308647e-01
4.907389194151353662e-01
7.653974269353573945e-01
9.297692925295829580e-01
9.461015884654945252e-01
9.685031666357712954e-01
9.238104901033193928e-01
9.416848054059304696e-01
8.422377834106254957e-01
9.824121521134617785e-01
9.560082542623675739e-01
8.940672087950032321e-01
9.440445153415981672e-01
9.617850284945248518e-01
9.911257230180877675e-01
9.866210439045259850e-01
9.951917079169891878e-01
9.803689083880019473e-01
7.955106517034278291e-01
8.517597623619587166e-01
8.289048915603878243e-01
9.949951334777316081e-01
9.940640261764931429e-01
9.200257221815406616e-01
9.427306248115691067e-01
8.997577057930106204e-01
9.046290014570559368e-01
9.700784185663672288e-01
9.664317688744410439e-01
9.908335674876559418e-01
9.880720101460578331e-01
9.643248281988627824e-01
9.561325246639315045e-01
9.940958865688673818e-01
8.956614711841627274e-01
9.737981106496649275e-01
9.872770600037811262e-01
9.784421308938858752e-01
9.924083567550480156e-01
9.804026501131839488e-01
9.866738698014984044e-01
9.786801051921961703e-01
8.344587449115290489e-01
9.332396127400708341e-01
9.113575646865786917e-01
9.531663036021696955e-01
9.484346595838200056e-01
