5.140005658758974860e-01
8.443535280033813706e-01
9.124207438711748885e-01
8.513787012764133522e-01
8.449933198307507665e-01
8.859918435665675718e-01
7.815858232416745821e-01
8.626211538176704607e-01
9.171644854445687445e-01
5.870507491438016201e-01
7.794606853727176210e-01
6.335076538183983530e-01
8.477912219258372239e-01
8.642669894852754719e-01
7.604021068490151025e-01
9.349337001131506897e-01
8.928528677687543880e-01
8.060587595180892517e-01
6.603892172305312336e-01
8.373470070391806352e-01
9.614757223710949097e-01
5.869330592219683673e-01
5.783909893527803270e-01
6.611887073914926027e-01
6.420301284441691791e-01
6.574609946989594667e-01
5.999320033171644528e-01
9.662069644476821706e-01
7.900547098762392695e-01
8.871791444939858273e-01
6.835666631108657798e-01
7.787224559029237714e-01
6.586210970921656527e-01
8.361865342444315674e-01
4.936384286172556535e-01
7.387496796882612182e-01
7.888477712581418722e-01
9.652058201358294509e-01
6.915069169889069833e-01
8.267241300566700035e-01
3.975077976364138066e-01
8.039453593153870203e-01
7.372198429354223093e-01
9.608450857589035943e-01
6.267509070159492657e-01
6.147422211970184902e-01
6.858848481180833678e-01
7.752710927595277690e-01
7.103315573770757618e-01
8.792029202832417623e-01
6.881404456718367424e-01
6.714952778684609713e-01
7.257003413905503963e-01
8.164489702041748398e-01
7.327104718741132006e-01
6.334481353636951528e-01
8.450656260323182734e-01
7.411159180704666172e-01
5.438524764655950916e-01
4.077069381131719905e-01
8.144384804467047489e-01
7.559584337803685328e-01
6.781330759654090601e-01
6.603098498360957525e-01
5.799417878935484438e-01
6.523874896384188604e-01
6.135236515656392609e-01
7.264689236792395421e-01
6.672775462310587269e-01
7.711323668411995680e-01
8.961127783037703409e-01
8.783299489131112248e-01
7.996667775056065519e-01
7.005939961970262253e-01
6.613248911506697247e-01
6.257185320759838243e-01
5.933202516784282787e-01
6.940909905102616850e-01
6.551930488394566154e-01
5.909367810852383940e-01
7.317611455258644648e-01
8.124200557166149084e-01
8.088313742059588529e-01
7.138973838978398545e-01
6.787622271705847643e-01
7.043647609073048210e-01
6.315144005445021413e-01
6.259623672216181323e-01
5.864312939962966764e-01
6.634002942704539940e-01
5.487457137940300322e-01
5.129105508021940540e-01
5.707916772347573220e-01
6.081197798769242269e-01
5.730693431243508718e-01
5.099146035056640880e-01
4.583635788916926579e-01
5.034829852635371861e-01
6.403671711927346744e-01
9.269093487287800581e-01
4.645753546717936722e-01
8.935055565626920382e-01
5.807463718075590586e-01
6.173104238909332686e-01
5.370576362195151887e-01
6.840954511903338808e-01
4.792301221791518961e-01
4.914292082389304372e-01
5.594320770255298836e-01
3.311106061408478074e-01
5.146697565992097712e-01
9.519313662638133611e-01
4.859571033110838822e-01
4.222510631895274313e-01
4.742996388082287851e-01
9.251776297336383736e-01
9.575721983145314420e-01
8.729771249452191739e-01
7.094600015039697061e-01
9.037339444907230845e-01
6.103586017858249058e-01
4.695434860987283132e-01
6.354282175817552725e-01
3.848952818445587343e-01
4.732477507071375933e-01
5.668407111626927453e-01
6.369390168231441329e-01
9.109025949836425662e-01
5.128705214114144262e-01
7.688349245103315299e-01
6.288827669484667870e-01
5.851254610486246177e-01
5.131304216932036644e-01
4.320354776100213123e-01
6.368988881914116051e-01
4.690473806206957863e-01
5.710182224568336462e-01
6.531890691787779479e-01
7.834269729026723805e-01
7.501290887854795697e-01
7.237429924846333629e-01
6.645028785977623587e-01
6.377521671932824265e-01
6.885712489216990750e-01
8.940579364411873620e-01
6.815343142353733619e-01
5.799709894413025424e-01
5.805156281554578745e-01
5.404712353010343584e-01
5.221374717395635967e-01
7.848053785098458857e-01
6.703013546731383387e-01
2.932536192938490771e-01
4.582518085417024989e-01
6.323615350647158184e-01
6.859747678674399385e-01
7.483350822503113120e-01
4.218001079550258159e-01
5.921871617882560335e-01
5.778708505607897949e-01
5.583490426821353658e-01
7.744692099832182208e-01
8.544644717003805345e-01
6.567795379066383443e-01
5.377390464317877150e-01
7.779419729160507169e-01
9.127693476887206447e-01
6.559690923265575346e-01
7.245224663650933206e-01
8.996435054841892542e-01
6.636560438459655487e-01
4.641192331582571495e-01
1.990903965169774636e-01
7.924166763891642429e-01
9.299972211870205507e-01
8.724967679400030818e-01
5.876990678695761527e-01
7.866589188582638892e-01
9.443329337105001997e-01
6.345180815449301681e-01
7.052542451574107529e-01
8.771723361682745024e-01
7.694141554038034236e-01
5.680212416093941563e-01
4.566801052731437882e-01
6.856135217034052820e-01
6.145166868686909867e-01
8.111019237619393474e-01
8.345687236994666636e-01
6.150362289374641245e-01
5.102098355912292327e-01
7.026417022915864008e-01
5.551371708724838205e-01
5.797480224731295095e-01
5.721146363684261882e-01
4.256171307039115503e-01
3.174341915357160038e-01
8.670872932097823949e-01
8.095951415173913146e-01
6.653430067657871705e-01
5.529365350992048178e-01
6.980066487095930583e-01
7.044184258846137858e-01
5.163036637956460728e-01
6.159512242101720103e-01
5.639649769020751435e-01
4.757208195958259056e-01
6.619621581812428213e-01
5.900944303770434551e-01
3.679875302684773586e-01
4.763455448145773041e-01
4.569173133771346484e-01
5.385760907536056852e-01
6.077731197063125368e-01
6.246291302745099472e-01
7.390804763099675379e-01
5.191100074307293255e-01
5.612689465113503973e-01
5.209134770018787330e-01
6.365800073280142302e-01
5.435741247172493074e-01
4.891818565203655544e-01
4.789642130740918713e-01
3.626844230200440000e-01
4.643511226793832214e-01
7.289773003538546625e-01
6.450129869169017871e-01
5.165767591487494537e-01
5.673380173626230150e-01
5.292585245092426005e-01
8.220682122977730488e-01
7.598253955285727557e-01
6.383740012305978428e-01
7.040438013032536135e-01
6.972145238171506554e-01
8.427795970941330816e-01
9.111784093849887300e-01
9.307635081593381710e-01
8.906820914833386560e-01
7.068324869115870657e-01
5.610512256717575807e-01
6.129340846410197274e-01
8.727215507260716043e-01
8.725208136453475039e-01
7.671353361578124863e-01
8.816556374342846558e-01
5.908463206132251733e-01
7.227928818005002753e-01
8.443046390907478216e-01
7.647895104137597544e-01
8.066528761673649184e-01
8.637921613433706680e-01
7.683088815385438197e-01
7.508661867929498079e-01
8.801712601110747158e-01
6.734878032406323989e-01
7.876008103322693632e-01
6.935193901301173192e-01
6.762947530310894351e-01
8.296179417265879819e-01
7.956568639921332009e-01
7.709125394360133443e-01
7.978921204828142155e-01
6.009851069257092782e-01
7.854021634049053180e-01
4.438094692848699729e-01
5.369312789791955698e-01
6.100937927927787552e-01
