9.283185959186998071e-01
8.939357114590317233e-01
9.782571950456346865e-01
9.205717324902900067e-01
9.302066097638231890e-01
9.426839834124665085e-01
8.889581993789592573e-01
9.148069058700113443e-01
9.659335517921939784e-01
7.891244709189390028e-01
8.253819573165247503e-01
8.629220144426897887e-01
9.080551738010721463e-01
9.428203735444552480e-01
7.670876674992566091e-01
9.741613575265356539e-01
9.611807916356818193e-01
8.652272834260548162e-01
8.694171486882072974e-01
9.068327058072411795e-01
9.902205846748928231e-01
8.470172493710278472e-01
5.737144005113088419e-01
8.394398212969964579e-01
5.569153618432738373e-01
6.566593742872978146e-01
7.795029045624182196e-01
9.878748258581409036e-01
9.411220751967330767e-01
9.558606707662691271e-01
6.951140296213504932e-01
9.560526579961862170e-01
8.730419888315301691e-01
9.659634395519826056e-01
9.076197544861199784e-01
8.713051918152072695e-01
8.686493986142223012e-01
9.908796245064379615e-01
7.438362844058463708e-01
8.896286301908647998e-01
6.271171089891245387e-01
8.711864607686603534e-01
9.305620383910881976e-01
9.842357950601480221e-01
7.969395437097537283e-01
6.846305872688660532e-01
8.865936175791629958e-01
7.515921103801129766e-01
8.257034467452120108e-01
8.777132938988079225e-01
9.359847865115638044e-01
8.832118842222940192e-01
9.412634373103413443e-01
8.690384382834676069e-01
8.440419817026082461e-01
8.689384667850673649e-01
9.407593147054894578e-01
9.415079636570377053e-01
6.172122827487431795e-01
7.104413904491216902e-01
9.095557090637378383e-01
7.133266218454356045e-01
7.587740626552942347e-01
8.893765508770066219e-01
9.095346022430780275e-01
8.055360901791263073e-01
8.808219997913616650e-01
9.249096745743368153e-01
8.903823898516420865e-01
8.530927883790766497e-01
9.419176249987981642e-01
9.236006724090813913e-01
9.077619293455628791e-01
8.267415834878381053e-01
8.641856061170410941e-01
8.178281507830958974e-01
6.996587571302398390e-01
7.692193584102486881e-01
7.388696470086907331e-01
8.825088201946915678e-01
9.101770692690842601e-01
8.894014186159344693e-01
8.889995473690677219e-01
8.722286314689473574e-01
6.733470230092168940e-01
8.664698480091220789e-01
7.924087206795978888e-01
8.279112548934548510e-01
9.054683468316567785e-01
9.413542181141143494e-01
5.057399387468608509e-01
4.688865514717714400e-01
7.105375697278875080e-01
8.419871921037839213e-01
8.603524300784436418e-01
8.490346171766751660e-01
5.004189694383555098e-01
5.264521897543347206e-01
6.608535451706355479e-01
9.494113292478515431e-01
4.864130544853296767e-01
9.253130795366981687e-01
5.754195055143439541e-01
8.601024663093749245e-01
6.282571962225085294e-01
7.775504588031417752e-01
7.068057167802206386e-01
6.470636435953072141e-01
5.717171251501304008e-01
3.372478506436142331e-01
5.743111437104901906e-01
9.753536693850064498e-01
5.085251629895561898e-01
7.451939083709719913e-01
8.273772694535286298e-01
9.761297559238764077e-01
9.935670821299951161e-01
8.941052830785327643e-01
8.835297009703465543e-01
9.815870523014335047e-01
6.759779001729900871e-01
9.171080589000807359e-01
8.228388075970570759e-01
7.213353843213898831e-01
4.906261096808008371e-01
8.048369873638461236e-01
7.623150593091008176e-01
9.586662320490867417e-01
7.126509772266823584e-01
8.108019095568143042e-01
6.043836298978928490e-01
7.224615643685038391e-01
5.454454777945343391e-01
8.014986598859359379e-01
8.595006746554575416e-01
7.901788029938863200e-01
7.671484815210157793e-01
8.960012119535569752e-01
9.535409904053380181e-01
9.201627659057514119e-01
8.746438448280384748e-01
8.968940947190339186e-01
8.703404397665819303e-01
8.306505525822319713e-01
9.457658124132548583e-01
9.615328771164904920e-01
9.663834350155552366e-01
7.415271444106603660e-01
7.670630437421117609e-01
8.720769982059035641e-01
9.459930534347572584e-01
9.496124476844489681e-01
5.640348972410788031e-01
7.656142494953832589e-01
8.587530533612782735e-01
8.520333491370291057e-01
8.825257287704367792e-01
4.737696336504553796e-01
9.078401902855057770e-01
7.386124012873844791e-01
6.701516939287323060e-01
9.510039560554265359e-01
9.417147439008721754e-01
9.363235424416417318e-01
9.225944443057976230e-01
9.202405118489458413e-01
9.625436642140681176e-01
6.629937856660453877e-01
6.914832599511723243e-01
9.773579865971533387e-01
9.270573146269959208e-01
4.257548853470419781e-01
8.949852585047010090e-01
9.328029888233509981e-01
9.723597280008801080e-01
9.411262162537997744e-01
6.499755579333740263e-01
9.019316969120215743e-01
9.882589181204248785e-01
7.313785824795662194e-01
7.866977378787909370e-01
9.900495569039486909e-01
8.786275484835727179e-01
7.532610673714014160e-01
7.712185783419726048e-01
9.941806375830324338e-01
6.958018470724491866e-01
9.616169052409759832e-01
9.564430664732790355e-01
7.662623168941685714e-01
5.439260793555813489e-01
8.931366884572096154e-01
8.735265900516555604e-01
7.311508444553753705e-01
8.693755198427938202e-01
6.297618519909213841e-01
8.412577104766464364e-01
9.438529802885858855e-01
9.327185564465467760e-01
9.016676584033018749e-01
8.578678114055313664e-01
9.345918921002767110e-01
8.535273973803777503e-01
5.854643569179422968e-01
6.418795287704427421e-01
9.145894070444116064e-01
5.698390515987369342e-01
8.633481286511571762e-01
8.987253194921582811e-01
7.814022400709604854e-01
6.134676513598585901e-01
8.864379208905520668e-01
8.492565778419598477e-01
7.199171832607131893e-01
8.717118546129174472e-01
9.315127674817971215e-01
5.763107938596041535e-01
9.255147437424522394e-01
6.220661322886953393e-01
8.144089672890333365e-01
8.016731292498735506e-01
8.628464169961320707e-01
6.296726460807418047e-01
7.083624089947340163e-01
9.040143248194835168e-01
8.848218132440799355e-01
8.564831782597529530e-01
6.751431572551944704e-01
8.562535056231453945e-01
4.587412508553354584e-01
9.464862578638019164e-01
9.286873072711896437e-01
9.396698843066064732e-01
9.320198496789531273e-01
9.227619119984822316e-01
9.516699877594865242e-01
9.696905483745785759e-01
9.843191043521206662e-01
9.839968856783711804e-01
8.399084767418570907e-01
7.524360165545870283e-01
9.456807697746918429e-01
9.885892241987924711e-01
9.744538460778978672e-01
9.520887520631061696e-01
9.483973857923612139e-01
6.822797876708858178e-01
8.765075579422548779e-01
9.466634161034653827e-01
9.336043442857004937e-01
9.687762718185835009e-01
9.740415077139643607e-01
9.325822253336460976e-01
9.187309000134566972e-01
9.796682762833239799e-01
8.770477797233795503e-01
9.351428883174109918e-01
9.433547631817286172e-01
8.995837231023637859e-01
9.409472973100488913e-01
9.598117237329707452e-01
9.563368938925252971e-01
9.632683948009688191e-01
8.299541958239000650e-01
9.248642321434613622e-01
4.828648262362477128e-01
7.305310883541930034e-01
7.925259915928858367e-01
