2.040077523593504805e-01
4.554018250385150623e-01
4.491596372422627659e-01
6.948786665191113432e-01
9.813929417749918116e-01
4.010401685944359196e-01
6.294377415738592330e-01
5.572275878131964788e-01
5.237342392048901507e-01
7.303409014420446654e-01
6.694103694714059749e-01
3.899286073013200626e-01
6.104362028463817813e-01
1.930978745510871231e-01
7.821811598539949451e-01
9.487403110680745488e-01
8.932734131937450917e-01
2.352926390398004108e-01
7.984737439361452305e-01
6.810602084373109655e-01
7.114436416863562096e-01
9.073837923043573950e-01
4.544244279946834109e-01
9.067206585238053451e-01
8.513221845574980851e-01
7.240268004221520615e-01
5.925209743387364059e-01
9.676480137063884213e-01
9.568545118314334408e-01
8.637626153777288041e-01
2.808186328097964091e-01
6.999512834996463040e-01
9.500279612353800252e-01
9.603494174041208309e-01
8.857966260922572888e-01
2.695972718392533607e-01
2.735497219427064364e-01
6.043827983186199626e-01
3.473372258977375227e-01
9.757587669654318452e-01
3.602047524255291289e-01
6.084391157655758553e-01
9.394366956551187808e-01
9.518158705128513253e-01
8.729000968525357784e-01
9.721340410397592002e-01
7.855394072813286499e-01
9.385435663308164811e-01
1.757960307186651194e-01
5.996769202865530612e-01
9.259314921823217359e-01
8.412720594357874226e-01
8.750222728455138155e-01
9.547832625569726561e-01
9.797093762442274922e-01
7.368632535460906130e-01
9.844983903513329082e-01
9.659995741088031052e-01
9.778457938988284193e-01
9.907542643923005210e-01
3.500640356489552740e-01
6.265096883967083974e-01
9.819377238595642376e-01
8.982198777075868223e-01
9.371553731255454212e-01
9.880901812241611459e-01
9.364072443306106219e-01
9.833371097042947762e-01
9.838756698844906001e-01
9.360754106644594286e-01
9.632070700608315050e-01
3.251654698529893306e-01
8.648582151803769769e-01
9.750793738958608570e-01
9.813126842210134759e-01
9.677954518269139550e-01
5.462793851210857587e-01
6.531054302341432471e-01
5.128800903017769475e-01
9.327542270890182285e-01
9.727461190367951982e-01
8.484687007423598049e-01
9.951519074824748401e-01
6.956515410746023642e-01
9.609082718222837771e-01
9.193785498542184076e-01
9.355307468430260620e-01
9.044294237412122683e-01
3.012698118037285266e-01
1.837545834743878059e-01
9.879941460500059058e-01
8.625805004639630624e-01
7.485949916945693339e-01
9.280869635394251027e-01
9.548999134836413383e-01
4.496064508242689772e-01
9.695799039864063662e-01
9.592509970798637209e-01
9.547600913020779512e-01
8.989156156312043677e-01
9.821486354754916936e-01
9.717014311728320308e-01
9.499679059632294420e-01
8.877730238685987985e-01
9.411337992650560258e-01
7.604382189546033954e-01
9.346270275550133677e-01
9.816333621411823529e-01
8.689481966856363870e-01
8.847233149421390719e-01
2.367086685829834225e-01
1.270690605388021255e-01
2.964738939467855827e-01
9.774428173959598398e-01
7.899041532626012163e-01
8.025991229167970253e-01
2.326889325998060254e-01
6.549423550941724237e-01
6.489311095635105220e-01
9.883359756746012970e-01
4.364457205501561798e-01
9.485426964558307805e-01
7.126503219168025538e-01
9.311839539500700313e-01
2.915742607942420350e-01
6.458874811520725068e-01
4.908796340709268291e-01
9.516251105092394802e-01
8.372075197986067474e-01
9.726572100248765951e-01
7.963534911331943134e-01
8.515201375350535118e-01
9.845961466991164368e-01
9.832969223600975806e-01
9.797214680662995612e-01
9.946351003542227565e-01
9.783748756026289239e-01
9.689463236098554422e-01
9.843002259550748256e-01
9.872485511532584912e-01
9.342798121678982382e-01
4.324496917467672286e-01
8.980292803407140534e-01
9.886139300507714722e-01
9.534583322188243670e-01
9.161698454845468298e-01
9.605192266228772535e-01
9.534006011094768862e-01
9.011840749753675661e-01
9.710980495760276332e-01
9.757290725558419586e-01
5.986608774259104537e-01
9.731573993922091326e-01
5.750785212763186438e-01
7.474519139908698540e-01
8.554892784093008906e-01
9.871328080858194909e-01
9.439734190391695368e-01
9.662730244882302699e-01
9.793986303137902638e-01
9.769325596196242190e-01
9.432615905967027814e-01
9.472179992815071836e-01
9.780306843139967565e-01
9.786336854541768382e-01
7.102698610037980198e-02
9.199371061580170483e-01
8.025775444542313508e-01
9.710768161996736758e-01
8.655895213667543775e-01
9.578336363341891646e-01
9.765320122428253757e-01
9.286979671842453543e-01
9.375082174484488107e-01
9.739228054045386829e-01
9.901294043981475612e-01
9.338914535407621953e-01
9.216168897100017743e-01
9.993191520634859826e-01
9.885478427554915681e-01
9.876921574425688855e-01
9.786739530439366730e-01
5.546487512150517496e-01
4.494477909577585528e-01
1.751512819772143847e-01
8.685700408964848185e-01
2.651351691911943420e-01
2.304895720792115577e-01
9.356274428256048381e-01
9.887286156360597378e-01
8.866660831031069057e-01
9.693345231215334534e-01
7.189021860019358945e-01
6.060110540909394716e-01
2.138068629738389959e-01
1.712634768851857003e-01
1.432481868359938570e-01
2.310218351885155452e-01
2.609229866588227420e-01
9.811984767374302141e-01
4.759487867000809502e-01
9.957607373652107574e-01
9.925929466511177468e-01
9.853688213365789927e-01
9.844343125352706947e-01
9.929911005887869235e-01
9.660580822368478593e-01
9.884376796323074421e-01
9.762665646388358764e-01
9.280957084649386069e-01
6.690083363980662279e-01
9.782118817049956228e-01
2.087149803053429953e-01
9.903910166584647401e-01
9.120369898786743201e-01
9.547483653065749198e-01
9.427227794798624938e-01
8.865942400727077066e-01
8.753122330844710364e-01
9.775620498927138913e-01
9.774565190695516659e-01
9.637992916444461100e-01
9.728325994499035234e-01
9.921643921786755804e-01
9.711769331247709358e-01
9.811965572457184148e-01
9.841827057510960097e-01
9.843088151990383450e-01
9.832954647012324134e-01
9.648309034121006489e-01
9.926708382869664504e-01
9.832899454614391077e-01
8.823477684825360434e-01
9.835863176889986237e-01
9.939682728021065339e-01
8.177800452002474962e-01
8.123728242972177993e-01
9.928350072846126029e-01
9.764287922232360861e-01
7.048843850408083034e-01
9.713938623331264122e-01
9.918498519056344609e-01
9.795874597121991822e-01
9.876235839275431250e-01
9.738093626373508505e-01
9.892923252351799590e-01
9.936968224221907064e-01
8.322619572763857443e-01
9.648417620487621527e-01
9.941886195505993395e-01
9.727401672998077231e-01
6.195535455223197818e-01
9.628063812049340031e-01
9.857537154257418610e-01
9.671365117104151476e-01
9.864548919387783332e-01
8.468488235401518960e-01
9.527989622360424349e-01
3.338436582329585289e-01
3.687096641382014983e-01
1.968842130657390277e-01
1.000000000000000000e+00
1.367300281555492991e-01
9.684934316637981988e-01
8.678624134679225888e-01
2.770964116013656109e-01
2.107336121838170317e-01
7.164977087822715918e-01
7.612572033262570148e-01
9.131980993441924932e-01
6.328845974037272670e-01
9.101929580342534853e-01
1.630984932450416924e-01
9.831624154117072356e-01
1.588240034117589794e-01
9.412886554971964248e-01
7.756024362578998188e-01
7.007653662055614019e-01
7.612336851977762331e-01
6.503098997577556606e-01
7.612857348582147132e-01
9.715214054289789125e-01
9.690629244104862483e-01
3.282031123949888385e-01
9.163894806367804957e-01
8.092151610169348031e-01
9.851941899069831532e-01
9.835944748900091739e-01
9.855321821643650004e-01
9.808657089568040277e-01
9.898934759800404048e-01
9.848281291679804594e-01
9.930466316476092015e-01
9.952975879550559624e-01
9.944974850157044521e-01
9.671335313205950968e-01
7.898504379461138702e-01
9.607975268742943165e-01
9.955511296399217613e-01
9.667901205338342852e-01
9.874270764375949749e-01
9.826899205488716094e-01
9.757642438686976449e-01
9.638475354564911557e-01
9.896441751122653230e-01
9.863918245299003740e-01
9.940870426915641156e-01
9.917756080057995582e-01
9.880137270347632006e-01
9.784821738518635348e-01
9.944162402515439592e-01
9.785028452386796971e-01
9.781750108073519190e-01
9.874741667965886149e-01
9.737417422166171344e-01
9.827171619846057915e-01
9.890176606720195718e-01
9.869206784869825055e-01
9.837089835967792739e-01
9.050443345256788952e-01
9.888163236637597109e-01
8.294019362252653682e-01
9.497261852703099416e-01
9.570662932152290692e-01
