8.456219538655256052e-02
3.831288529953567612e-01
4.024822337056392918e-01
6.262467261572088884e-01
9.571850815372372479e-01
3.684814888423342816e-01
4.570767933180867604e-01
3.664561868274555656e-01
4.676825802016720823e-01
7.245311180103135573e-01
6.670485007709010539e-01
2.859714584521731995e-01
5.215550594780983262e-01
1.857443290171764960e-01
7.583831544718988571e-01
8.974686153827635682e-01
8.850378835224156360e-01
2.144595512883013810e-01
5.983999913829644024e-01
5.336121958712159996e-01
6.941039790355824080e-01
9.146054427306485879e-01
4.406147875918158263e-01
7.819997796815897351e-01
8.072074173314844892e-01
7.089428862376557783e-01
5.680621024384634454e-01
9.019924556995368992e-01
9.074109285279297055e-01
6.160433659693821395e-01
2.477954128074242868e-01
6.854239513299568154e-01
9.478183749468195307e-01
7.902653028238442179e-01
8.709437499554714135e-01
2.641317822040478713e-01
2.706592345703686120e-01
5.537766476397570914e-01
4.112947363825881775e-01
9.673004198309952395e-01
4.573751182714017594e-01
4.268913390846651446e-01
8.327448399809240787e-01
8.671025274049930509e-01
8.426535480199704997e-01
9.112094420515902682e-01
7.546535369631475199e-01
8.665658087177547930e-01
1.759876731453020315e-01
6.104754780806648240e-01
8.929245653367369195e-01
7.907600196452218011e-01
8.707320366697012259e-01
9.496463511638576493e-01
9.681550814979087427e-01
7.391643470506625846e-01
9.089442523682531583e-01
9.227820451413788483e-01
9.447554847927596144e-01
9.834580194353615967e-01
3.197056178572092455e-01
6.317307756111634198e-01
9.198938738670335846e-01
8.767064438798244375e-01
8.739788833313490990e-01
9.730799434778188983e-01
9.163369998635766400e-01
9.500586988860278970e-01
9.678235201360704254e-01
9.095736297577120544e-01
9.449899754835476839e-01
3.261338352266204832e-01
8.463362205937424720e-01
9.523465181414551006e-01
9.801758120128595264e-01
9.105978181020708551e-01
3.704085086586709763e-01
4.358178627928747662e-01
3.626588336400791146e-01
9.227012490867887440e-01
8.873910506513861263e-01
7.599537717204997156e-01
9.925140316218153957e-01
6.994313970380109380e-01
9.168288626865315205e-01
8.708511564310176256e-01
8.925842734181805849e-01
8.658109777011364638e-01
2.188145290209246030e-01
1.629161408150628099e-01
8.769951334811483257e-01
8.648093563306689102e-01
6.559596699909866491e-01
8.420302938550003891e-01
9.441689326557638484e-01
4.384401270722554922e-01
9.129554729222069120e-01
8.648133131711187582e-01
8.935487862533237902e-01
8.178480209428433678e-01
9.001419969650833464e-01
9.376203970040712932e-01
8.836936739340555125e-01
8.179837234019140535e-01
9.064243097422389761e-01
7.189447259887047359e-01
8.547547157361039538e-01
9.649396735233426448e-01
8.234641133537076163e-01
8.792441225514083802e-01
2.577934138940185527e-01
9.356729497179563926e-02
2.056594424425440271e-01
9.756612217326265935e-01
6.425487931031710342e-01
6.607003401133441089e-01
1.645001218477411542e-01
4.714654079286043631e-01
5.630153085251765610e-01
9.128609027292711176e-01
3.717578680368497368e-01
6.586418957635162830e-01
6.484973829461984085e-01
8.931739166613493763e-01
2.332141557638047757e-01
5.421392840585643746e-01
3.985482004610561013e-01
8.490397925787814826e-01
6.262034579919839583e-01
9.644899236153540167e-01
7.358091642828580303e-01
6.772369231508277299e-01
7.184494382226553899e-01
7.954320537575778616e-01
7.906553155874445071e-01
9.105223437999104830e-01
7.172863837771067397e-01
7.125404618973993909e-01
6.424584962103188079e-01
7.841255440872765270e-01
7.489591360185952063e-01
7.259102431386820209e-01
6.682378197326219738e-01
6.157241649987370558e-01
7.745676592061084831e-01
6.615872146132446563e-01
8.612309975555972885e-01
8.925295802544273016e-01
7.967134832317616100e-01
5.751696642301477036e-01
6.977226020177978993e-01
7.175013038226889517e-01
8.750249062937416333e-01
7.552605373179109849e-01
7.774070354344619904e-01
7.916781040472772313e-01
9.240139573464783984e-01
8.516545899640838302e-01
7.557044020366976422e-01
6.662423818724613200e-01
5.956463309878660128e-01
6.210389932890006959e-01
6.165470634801845096e-01
7.700061478576756269e-01
6.483912540556224791e-01
5.884290482366550529e-02
7.805237411259676739e-01
8.354322161389952095e-01
7.984083196823188455e-01
7.297923945753996833e-01
7.922665094813153841e-01
6.301621374359698269e-01
5.876151798836301010e-01
5.777547094624935209e-01
4.501002771837954164e-01
6.313736706739317972e-01
5.848822851134499734e-01
4.717686919378558663e-01
8.975601406111120145e-03
4.909039337728222097e-01
4.850367342411647242e-01
3.595148071027710612e-01
4.710795806910496042e-01
4.623453270170689855e-01
4.904798856671556684e-01
4.905349554013926361e-01
6.165179742217971048e-01
5.040242193435721108e-01
5.009045002724825668e-01
4.430950992271705524e-01
5.234208289670281289e-01
4.725129823142854013e-01
7.602325893844869009e-01
2.991061979289468820e-01
4.330691141331988181e-01
5.469681505672203681e-01
4.162629085094544656e-01
4.987363855921837508e-01
4.347478641044834613e-01
6.089552256847394762e-01
3.795466128993568722e-01
8.855377512466434675e-01
8.814119918350694638e-01
8.674303129626746989e-01
5.293648615920426570e-01
9.185933800435472918e-01
7.593500023890509265e-01
7.583068240199656307e-01
7.277219384744733066e-01
4.223957040221673065e-01
4.656241713349505984e-01
4.898698749037597167e-01
4.441172202022952709e-01
9.490620794483726197e-01
9.056402125296310057e-01
8.337494296294033491e-01
6.933290033012904363e-01
7.515210062820668613e-01
6.202513631717014864e-01
5.988382250174920651e-01
6.683152942084621406e-01
3.862832017398999951e-01
5.639199480098440187e-01
5.241757138528730930e-01
9.747000638652024707e-01
8.447449731981676591e-01
8.986877601917425684e-01
8.137189272762649361e-01
8.911595057412668996e-01
8.320756936301948459e-01
9.724428339818727007e-01
9.087598861320218546e-01
8.699657825789900434e-01
9.048644368508333979e-01
9.881207131866915905e-01
8.115777401867398932e-01
7.519199079952735287e-01
9.870071235137325427e-01
9.094268234433946496e-01
6.001591933135421719e-01
4.355686933422175944e-01
8.656048535923297482e-01
9.285004551293107866e-01
7.965164979242769228e-01
8.882025815653210588e-01
8.590545895625587569e-01
9.519691685491231681e-01
9.429074805902882828e-01
7.930760095822736444e-01
9.889189020839953548e-01
9.106403327860448371e-01
7.227497752152157728e-01
5.306144174749419795e-01
4.223719788866499014e-01
8.812572790619418450e-01
8.544983051407111230e-01
8.485415028170061325e-01
7.039890113392522908e-01
6.435349209628234979e-01
6.355285711447790087e-01
5.988265886212631450e-01
1.000000000000000000e+00
6.547146197291972003e-01
8.821035405434731747e-01
8.575783305773546639e-01
6.227931512522425495e-01
4.533430537414150918e-01
4.572927659225351493e-01
8.097484697741557103e-01
7.714407983629550936e-01
8.125135826866393129e-01
9.501067009597298219e-01
4.791788978153467271e-01
8.079844844370329682e-01
5.729914029082301408e-01
8.974452068783423941e-01
6.227547999640609122e-01
4.508732891018410460e-01
8.549985289392981747e-01
5.007682404835530621e-01
7.706151584579904457e-01
8.363455511450816893e-01
7.931358712809191136e-01
8.196080436158899030e-01
9.302767211495771571e-01
7.782142962098884675e-01
9.171027039848335116e-01
8.897869962670074129e-01
8.631386970187783225e-01
9.206932617768226468e-01
8.778207048922365141e-01
9.679748722626932977e-01
9.846337747956206421e-01
9.828643350288941427e-01
9.306010994939334369e-01
7.660101889541826026e-01
8.350709045709516776e-01
8.131373681571621992e-01
9.892095883328427819e-01
9.891064891214406130e-01
9.129806716776592834e-01
9.572137284644395283e-01
7.393073998930101975e-01
9.305251968900190018e-01
9.544150104116524425e-01
9.597875648277885974e-01
9.780436434932179290e-01
9.333368280865923516e-01
8.841359684494828342e-01
8.762375706838479994e-01
9.747163136714812604e-01
8.630317584757081217e-01
8.481167140578699248e-01
9.033107204421005898e-01
7.435462517955799822e-01
8.384288844817425757e-01
9.565415812677839913e-01
9.685692262844748379e-01
9.505192518916614208e-01
8.034865256890789675e-01
7.488267834330433192e-01
8.453343673970243888e-01
7.700769459796148464e-01
8.142666860765992443e-01
