1.665035999323098148e-01
4.601439031102550481e-01
4.430969081944746146e-01
6.955065096095577326e-01
9.732816082996529339e-01
3.920417843147589454e-01
6.191587808929489567e-01
4.770286920235163319e-01
5.052214580394226440e-01
7.265185123115505128e-01
6.735427989840260254e-01
3.638605823757328217e-01
5.951214683771643976e-01
1.950652882464203874e-01
7.790159240648110162e-01
9.409707095476786964e-01
8.974897639532769533e-01
2.292331733335781774e-01
7.622136937726663453e-01
6.463945323315472002e-01
7.176566304412144159e-01
9.098534081707470023e-01
4.476256781460890566e-01
8.735878792484523814e-01
8.416206386465392431e-01
7.264382478462633186e-01
5.910676804806476170e-01
9.697861233870551656e-01
9.516064302037906542e-01
8.586008953039658831e-01
2.699090887846723463e-01
7.192910765458028211e-01
9.467472552453927159e-01
9.397576815581830667e-01
8.917958794502770514e-01
2.588725188835118707e-01
2.657849246354678785e-01
6.077735825091915567e-01
3.949295865575315201e-01
9.754154344765553208e-01
4.762381031905023043e-01
5.629349383131565521e-01
9.328670753876201482e-01
9.399924417438348945e-01
9.019039903015643178e-01
9.760956762177296353e-01
8.014813963028198929e-01
9.278219393465936271e-01
2.158297631978776943e-01
6.190471521352770568e-01
9.273059665382286099e-01
8.403536756199040392e-01
8.768143915997698157e-01
9.775711560771569442e-01
9.775307401297823606e-01
7.427828192170899957e-01
9.775507963167034964e-01
9.772557002948756288e-01
9.778998333042775437e-01
9.921289434489884984e-01
3.555490438439015688e-01
6.572283252108881424e-01
9.715751478343238601e-01
8.996127681122344510e-01
9.260828315123775800e-01
9.859395681636660136e-01
9.334333325504236001e-01
9.834284938639279439e-01
9.871888676833179277e-01
9.339682519359873147e-01
9.519353126393839126e-01
3.344962574057347982e-01
8.689957189917196789e-01
9.838654566818965108e-01
9.864453860456283696e-01
9.727895996745635765e-01
5.005228998571964460e-01
6.321102535033674696e-01
4.076277537234143100e-01
9.567830369916069388e-01
9.642242753147238776e-01
8.376940424670509255e-01
9.955613845232899051e-01
7.061975367776863743e-01
9.659020531012589839e-01
9.341971776160974406e-01
9.472532540389887457e-01
9.317031909906858811e-01
2.485744941654794427e-01
9.500500604925939951e-01
9.649464775232458047e-01
9.098903691550501716e-01
8.948663431405097235e-01
9.357403079633951348e-01
9.525995547752702519e-01
4.989578589972968325e-01
9.732011875426748171e-01
9.539275297221782024e-01
9.664748602395930588e-01
8.904559931167109754e-01
9.720876030006377899e-01
9.663078010444057231e-01
9.555936170299579313e-01
8.798306964626454452e-01
9.338764432944313132e-01
8.090222058662960292e-01
9.331651443808817170e-01
9.833383279889219564e-01
8.650287380569221529e-01
9.129251108792216796e-01
2.804982687033230615e-01
1.341133879956359909e-01
2.131030734800169468e-01
9.805065663195359216e-01
8.006688893434047438e-01
8.005384080448819661e-01
2.457431617403582624e-01
6.289582401525128930e-01
6.424825098609804330e-01
9.825873640212562377e-01
4.414525078333365049e-01
9.183365771228938490e-01
6.975822692723981922e-01
9.304564367105755407e-01
3.230153050508520751e-01
6.489278995695350050e-01
4.575259844427877476e-01
9.354135269394511232e-01
7.581085029643296336e-01
9.778829748620508910e-01
8.225516573670068610e-01
8.634726269649403152e-01
9.682052702482742967e-01
9.151502012868715230e-01
9.544989886244145127e-01
9.716343749283858910e-01
9.625414784652083222e-01
9.760920238373624880e-01
9.752709940218587947e-01
9.593550084485048535e-01
9.365556409543424055e-01
9.532889667338018125e-01
9.135910726477836086e-01
9.893067692966657223e-01
8.868738762471491954e-01
9.268430239252541947e-01
9.719094151530370818e-01
9.153393110068203109e-01
9.526942653771098835e-01
9.808707382469865621e-01
9.614132105070132273e-01
9.427722841352365046e-01
9.700800162809548599e-01
9.885837784912352433e-01
9.776129307419483272e-01
9.622195582435915107e-01
9.912018293530767687e-01
9.813980865204584569e-01
9.911956642257681027e-01
9.485043551643342896e-01
9.555116610548026745e-01
9.495273941666619866e-01
9.156516624478160393e-01
9.299751029597669305e-01
8.777506601232756278e-01
9.211860751191834895e-01
9.827701523071898926e-01
9.807633608763676181e-01
9.574839602344024092e-01
9.654249788497450968e-01
8.762400240493100068e-01
9.522407274925641651e-01
9.528943357904241518e-01
9.527760323324796499e-01
9.825279800143770226e-01
9.857094972230285856e-01
8.388169851754068151e-01
8.288575660235212306e-01
3.183204452051088817e-02
9.446967363740925716e-01
9.692739720633993805e-01
9.758908398757915048e-01
9.016802523384973567e-01
8.753803550682394130e-01
8.252509363690170296e-01
9.819906618425712219e-01
8.821601159306893258e-01
9.562917597920697066e-01
8.147168898337683318e-01
9.008820337538141487e-01
9.271519868582834834e-01
8.982741481916691750e-01
9.425703268903679044e-01
9.633270525557732222e-01
8.210933961869730791e-01
9.307171883199164553e-01
9.127042026069689395e-01
9.827858935018204400e-01
8.083617622476996223e-01
9.304298899406917567e-01
9.820103193163537414e-01
9.834176047508256246e-01
9.973937614602655932e-01
9.706233006988571610e-01
9.375756182863386190e-01
9.960372162158613873e-01
8.268600992075380018e-01
9.718658390704015826e-01
9.669628360851947324e-01
9.591911192646410678e-01
9.258847945692357806e-01
9.726077027221298188e-01
8.744016140190532527e-01
9.906723432943566054e-01
9.454896448928317154e-01
9.665332748079740188e-01
8.979792332748415262e-01
9.460016698984972106e-01
9.050578081911994088e-01
9.053291276110280172e-01
9.537281630120967302e-01
9.381943576168300103e-01
9.409084485686125543e-01
9.036676867519958245e-01
9.881657504244509838e-01
9.593968732954710754e-01
9.608374542164065391e-01
9.725433723587564305e-01
9.746390240086997281e-01
9.742661945624347952e-01
9.952845430392015524e-01
9.792315667120773393e-01
9.265399050250098245e-01
9.661136399390372054e-01
9.973765839056497606e-01
9.685249560878912423e-01
9.728542656572490843e-01
9.994160115791536070e-01
9.671328934040673841e-01
9.511023329150558592e-01
8.974271666053060814e-01
9.778109881216384691e-01
9.857605022056438182e-01
9.862225668020884184e-01
9.886360384458023898e-01
9.626869481173242482e-01
9.887423203556505724e-01
8.988600931506863789e-01
8.491668720036954499e-01
9.938296803068981111e-01
9.803046716536349958e-01
8.828592222622000385e-01
9.571301320797939161e-01
9.673964101878975708e-01
9.810990354737525454e-01
9.896969577190202205e-01
8.696645535650852077e-01
9.540008286128125459e-01
9.602242162110353751e-01
9.632187878316399443e-01
8.780460548037698487e-01
1.000000000000000000e+00
8.278526314309612166e-01
9.549799357320336579e-01
9.723803318563333242e-01
9.372248445982372944e-01
9.391918467999910147e-01
9.400223598758996602e-01
9.981303585892984387e-01
8.619569519768010002e-01
9.660076872949426852e-01
9.849484733797105873e-01
9.187141489107206738e-01
8.870779005667961403e-01
9.188753454959152078e-01
9.432512747260204389e-01
8.297813454208691208e-01
9.763091617357543273e-01
9.985826019545906984e-01
9.522320779793154166e-01
9.962499562214680582e-01
9.618324875227129978e-01
9.675172711181363461e-01
9.063022284629189684e-01
9.691031337411601942e-01
9.138546025521988581e-01
9.866774163263366537e-01
9.719221516023950347e-01
9.748136313855637614e-01
9.820564234016272431e-01
9.708631999938373003e-01
9.893037575446688159e-01
9.955144387806855732e-01
9.973611770727860426e-01
9.909618905940070777e-01
9.428997271164618610e-01
8.613133165408795033e-01
9.534755680244120235e-01
9.975772562926318310e-01
9.948345229852915139e-01
9.912391628213688133e-01
9.879990164080414417e-01
8.383563654372361285e-01
9.800421412020672296e-01
9.817024976257332503e-01
9.822161127182605922e-01
9.913065757952269630e-01
9.887818036244239162e-01
9.737924098042907151e-01
9.737701615854791326e-01
9.940449644292497222e-01
9.478176872650617701e-01
9.887730146775117746e-01
9.937099319262943098e-01
9.684799570436195548e-01
9.882350029753930176e-01
9.889585406765197817e-01
9.893304449623024910e-01
9.882225608311220322e-01
9.489704048761009592e-01
9.326958983840507589e-01
9.096438530562039881e-01
9.250411719939852784e-01
9.354198233562006637e-01
