2.197683240645318115e-01
4.620759765307678735e-01
4.605704654440895829e-01
6.858305461758035237e-01
9.725482637409362807e-01
3.929359044829743852e-01
2.487387090707698922e-01
5.611573176831707865e-01
5.311839527049331267e-01
7.375383493588033579e-01
6.723835900340202620e-01
3.968956152707465157e-01
6.161184044056448039e-01
1.959548721291274054e-01
7.836837213371170563e-01
9.578215042196293050e-01
8.816726904882259408e-01
2.419868211266774372e-01
8.078174616757415327e-01
6.858441438505326060e-01
6.610230520640284491e-01
9.144738791738614703e-01
4.691318808127672435e-01
9.022357758273579220e-01
8.557754175631147042e-01
7.358238260176785950e-01
6.011009671382101516e-01
9.708965581539235057e-01
9.673669274280046748e-01
8.792100848897292931e-01
2.899934881557719724e-01
7.167394712613006647e-01
9.490467498717803929e-01
9.497974721491556638e-01
8.606740605823202106e-01
2.844206871189252639e-01
2.848749629466350020e-01
6.189767111369922636e-01
3.688466834491265223e-01
9.658081426319348184e-01
3.900507546857609475e-01
6.267871889270395513e-01
9.478710910061346473e-01
9.550670277692124843e-01
8.692166480190167688e-01
9.776273318596727657e-01
8.052227568819304571e-01
9.438631807792405848e-01
1.888565774102757555e-01
5.852308391609841731e-01
8.940232436831505591e-01
8.348665666413825903e-01
8.551656925702422196e-01
9.541358627731922892e-01
9.827772152578968523e-01
7.330965757105437630e-01
9.485758910260365662e-01
9.486131558145551868e-01
9.472629315698329888e-01
9.531408598593621440e-01
3.571099359061732370e-01
5.843106783842518803e-01
9.455858097362769277e-01
8.826697925777573506e-01
8.922379215469958824e-01
9.861337977193751492e-01
9.411124579956329228e-01
9.602993062888268705e-01
9.505945558783951421e-01
9.140059973387156811e-01
9.657252435738238328e-01
3.138665248512945150e-01
8.485082629973201840e-01
9.685809363898536528e-01
9.607648366612275836e-01
9.694131859358725567e-01
5.455611828874750158e-01
6.736234519624096917e-01
5.384064772033618773e-01
8.855315932857894534e-01
9.825048673187067871e-01
8.590445610630299544e-01
9.865446090928744471e-01
6.346133180751784009e-01
9.372807744065655422e-01
8.942442467877161905e-01
8.986715821394948289e-01
9.127716341024721958e-01
2.997345545100346675e-01
1.875950217459586289e-01
9.608450603425413572e-01
7.525537283803004351e-01
7.099015950471285752e-01
9.285475821725572843e-01
9.317028484235656549e-01
3.917226675561526483e-01
9.014774458711103389e-01
9.408119927143785421e-01
9.074938179820762896e-01
8.976317518293794873e-01
9.351207763672353401e-01
9.699912760492207520e-01
9.213373550719490268e-01
8.975722903263881891e-01
9.458664433513117586e-01
7.585013948049883492e-01
9.284517590968767164e-01
9.698426043222351245e-01
8.608705095102159310e-01
8.167880390639784549e-01
2.528489508826840537e-01
1.429792382292164044e-01
2.867103360172040816e-01
9.455259002863368734e-01
7.999718631494305843e-01
8.055279420111327582e-01
2.406706849027910877e-01
6.539957513140357559e-01
6.534941966904668220e-01
9.622683989578582064e-01
4.391023887987456353e-01
9.584895732522074052e-01
7.112456121096006889e-01
9.173024126593862793e-01
3.183122361360366526e-01
6.393334944638700001e-01
5.010836687466297956e-01
9.678142999743728492e-01
8.590520164154068494e-01
9.547063438138104763e-01
6.848192935606496334e-01
9.046641769683875234e-01
9.969497334219039608e-01
9.747560330119117156e-01
9.869308090096211572e-01
9.768040117938935341e-01
9.984935600923532384e-01
9.969365549492400502e-01
9.832785122826451785e-01
9.779008531091327727e-01
9.808755123919824515e-01
9.974050323893202119e-01
8.195589929093711756e-01
9.950120489220612985e-01
9.875922027735266617e-01
9.592869317125974904e-01
9.906509854896202727e-01
9.126164563354719483e-01
9.967092786364285528e-01
9.924393175478632978e-01
9.974750475695257634e-01
9.431280326785743684e-01
9.913323334594306147e-01
9.952323175012943723e-01
9.945026920048094521e-01
9.912868532657651555e-01
9.563279698150534136e-01
9.457950965160971668e-01
9.554473101639012755e-01
9.970833880959792950e-01
9.974182934404617340e-01
9.918168182061474214e-01
9.923567769675870620e-01
8.544996100250050741e-01
9.848150047264834228e-01
3.994583635877554939e-03
9.799645460465751245e-01
9.772528583017445758e-01
9.222310930418249342e-01
9.276932589166260179e-01
9.483841470405867113e-01
9.948625925516455526e-01
9.934405942613689922e-01
9.892004041897837219e-01
9.928322298236158527e-01
6.302204942682245736e-01
9.659942977848194889e-01
9.631675182125455370e-01
3.679051519380396873e-02
9.953540746162218289e-01
9.954703501469613913e-01
9.889896320483185788e-01
9.601973401614558590e-01
9.537369551679907298e-01
9.707602861781087222e-01
9.947061863373697355e-01
9.723790863428725118e-01
9.897801583366995226e-01
9.698641183901973717e-01
9.836117936142921847e-01
9.657161321282263788e-01
9.753020622403540951e-01
9.867922899728472919e-01
9.546399359050213862e-01
9.735203752817545020e-01
9.181647786389897092e-01
9.141911044120663021e-01
9.975293412892939360e-01
9.688194391939757288e-01
9.785878992699665879e-01
9.810937501585293985e-01
9.464286867042766005e-01
9.806440804677721834e-01
9.703253158752819241e-01
9.351864678918409002e-01
9.913509999042741105e-01
9.799614487728914858e-01
9.961181028398690129e-01
9.964922033607001017e-01
9.762067351700581819e-01
9.394682648745273923e-01
9.789086856607254195e-01
9.662957529612435925e-01
9.868153836012426572e-01
8.555963023302268766e-01
9.196430942738443859e-01
9.689236006251058519e-01
8.891405767614983802e-01
9.423309504883892185e-01
9.939039746683010490e-01
9.927517373285307256e-01
9.810046878421764260e-01
9.924515266436828576e-01
9.975897848071976215e-01
9.983979176928151622e-01
9.938460626886977956e-01
9.693672712538975444e-01
9.962011072558398794e-01
9.859147688321499015e-01
9.988160487215299588e-01
9.855387716158531264e-01
9.668655585890189030e-01
9.438750764015215733e-01
9.927232443400926254e-01
9.758256186420569689e-01
7.510023917098109791e-01
9.768209065917106138e-01
9.827168133081686241e-01
9.805486469752715539e-01
7.856634740420486152e-01
9.647960731743574492e-01
9.987732790092590518e-01
9.509285621932941357e-01
9.984078668543694413e-01
9.557995372055753114e-01
9.894341114997267095e-01
9.626579525566766327e-01
9.157437045978886747e-01
9.946902436973589223e-01
9.782300564947298271e-01
9.514390356538712235e-01
8.168041898690301394e-01
9.815179227272951001e-01
9.928786558711454324e-01
9.945841001835690198e-01
9.954716995640560118e-01
8.375261713084767301e-01
9.888816924277014087e-01
8.132366032493726360e-01
9.918941955505311547e-01
9.903853907484031494e-01
1.000000000000000000e+00
9.687109221283199956e-01
9.988180846894846310e-01
9.976474571592961471e-01
9.855253612363709115e-01
9.679089313956797946e-01
9.939770813185139220e-01
7.540960785427155422e-01
9.927335870952646024e-01
9.977271073818569924e-01
9.942343372719183447e-01
9.717710385339473067e-01
9.944197300946011620e-01
9.666505986198435929e-01
9.979731023997917561e-01
9.951489514139476578e-01
9.933051093896863026e-01
7.540957581543102917e-01
9.866273238739615703e-01
7.540832470506161345e-01
9.969627253790751542e-01
9.937093971113257762e-01
9.825847207789747406e-01
9.976366660888632554e-01
9.830996958591377011e-01
9.770383603436183506e-01
9.935073512765003612e-01
9.916250460740363426e-01
9.944380483598583842e-01
9.981078513682692943e-01
9.746574987312678351e-01
9.900898960482998890e-01
9.761359753621678959e-01
9.690944114901269835e-01
9.832009680600778401e-01
9.948138684598331061e-01
9.979628695870981225e-01
9.897363649349604220e-01
9.936656230811174995e-01
9.984293789724086876e-01
9.851917926894435684e-01
9.922542815436653507e-01
9.499988471483995500e-01
9.909189298900166198e-01
9.562141563848849390e-01
9.793397789058605474e-01
9.920154163674246295e-01
9.971719069335511776e-01
9.965128440847432767e-01
9.791107300849027917e-01
9.956746309968257380e-01
9.899112360205596373e-01
9.723197020810433466e-01
9.966469341635582069e-01
9.957759356984929866e-01
9.847835205246298074e-01
9.932322124006908171e-01
9.806626113478470463e-01
9.890857649497981630e-01
9.860134342311126510e-01
8.809223586756749214e-01
9.873605014975687100e-01
9.884010625776821213e-01
