1.973157156347424557e-01
4.560441417590511692e-01
4.425891681378162357e-01
7.056867486745787010e-01
9.865515214895963503e-01
3.971910586288890377e-01
6.330272690369528332e-01
5.484939965286081964e-01
5.176558201798037162e-01
7.328833658738859169e-01
6.716265345910430451e-01
3.804668085803277755e-01
6.059875064719147941e-01
1.916424398637929238e-01
7.869751805843521186e-01
9.526387288950288745e-01
8.970567174424213253e-01
2.316994031301169155e-01
8.020947972641271351e-01
6.756451676927106575e-01
7.173779906755294311e-01
9.064464110545467079e-01
4.537586507056408092e-01
9.088389561986499610e-01
8.564760277369144470e-01
7.286174384314791919e-01
5.904736135712135292e-01
9.767526852524764935e-01
9.658240751772079191e-01
8.766351611480684980e-01
2.710394661152430440e-01
7.099411225517308077e-01
9.498902274847401683e-01
9.721303249023305337e-01
8.916344925138582900e-01
2.804826265138329888e-01
2.687397868252146549e-01
6.020573487226784648e-01
3.504672473235223573e-01
9.788916051985617761e-01
3.625904572145246529e-01
6.201614581749151922e-01
9.443669512019132739e-01
9.564076440133157941e-01
8.818751740258745642e-01
9.843775299168164850e-01
8.085547953209009098e-01
9.395330964758421555e-01
1.838959549607893096e-01
6.083693583007085959e-01
9.352140472112080438e-01
8.484201218125103638e-01
8.867491273771750393e-01
9.846100152012602358e-01
9.825513729079592418e-01
7.427350810060030506e-01
9.905633497445562874e-01
9.827871698953850599e-01
9.803637648485438172e-01
9.943127327809734295e-01
3.581906687815932799e-01
6.425067626320656311e-01
9.893542691873289385e-01
9.049801602181741789e-01
9.515560135449034895e-01
9.927366946012887716e-01
9.395834799789306579e-01
9.885501242021157431e-01
9.894409035817350873e-01
9.388811568533493856e-01
9.653403478772987212e-01
3.316485850574255601e-01
8.749106316878042522e-01
9.889461007771332968e-01
9.874125166953624522e-01
9.754954872417178624e-01
5.399321738567831597e-01
6.588553595044529532e-01
4.971832097397971828e-01
9.574180093479190967e-01
9.855212735463952933e-01
8.559566394116451260e-01
9.966327307805624702e-01
7.098202624705430841e-01
9.747434301911733767e-01
9.298017592187616254e-01
9.444697417302001519e-01
9.331261652438106458e-01
2.874166053481069794e-01
8.972976341087118834e-01
9.910943950376319700e-01
9.275903380058271308e-01
8.546402133848708393e-01
9.317588048834266612e-01
9.643512158669081957e-01
4.683428847736213485e-01
9.844172954400621789e-01
9.684854941692412345e-01
9.620618255589968859e-01
9.085366742002730645e-01
9.918007121083384225e-01
9.813370865987015579e-01
9.676688922675584781e-01
8.962268284635354076e-01
9.444427152746998066e-01
7.973474812155720848e-01
9.373430426136778459e-01
9.897414587143906761e-01
8.825466006261465379e-01
9.203766330101561532e-01
2.270727789339105906e-01
1.237385728659141232e-01
2.803650747796471721e-01
9.815020770911948578e-01
7.974011396961085962e-01
8.053588540605932655e-01
2.354733151216621134e-01
6.560790738529381771e-01
6.506688480680831166e-01
9.944478050291288840e-01
4.222141787591724982e-01
9.554169895265086643e-01
7.155810413317610363e-01
9.331716225431743172e-01
2.927048371544994643e-01
6.561024383396725224e-01
4.980177165070008294e-01
9.645097748759730028e-01
8.471796407317500055e-01
9.795831379277101236e-01
8.452749010342918146e-01
9.132454250315821254e-01
9.945458924832409897e-01
9.934683783420629188e-01
9.933803331306436668e-01
9.990070829091381999e-01
9.965288757341043135e-01
9.944687651602290845e-01
9.980657280988187718e-01
9.974421644578993496e-01
9.955837861554625023e-01
9.930528299283244431e-01
9.170925167383275900e-01
9.978127605571190939e-01
9.748674230749909686e-01
9.806312522298409329e-01
9.959360023285139807e-01
9.868605815628789246e-01
9.840139244085096548e-01
9.961002604158153417e-01
9.950870705755937573e-01
9.898524297826148954e-01
9.928455883054202458e-01
9.972723269489943698e-01
9.945351829055002479e-01
9.935531252733850183e-01
9.981513112249460473e-01
9.977253201260142257e-01
9.964558463591195459e-01
9.914105722893494788e-01
9.935677653697250200e-01
9.901920606533463065e-01
9.827721905172377426e-01
9.876041858277829766e-01
9.898287915813540616e-01
4.763679477570204046e-01
9.965841681038268840e-01
9.954632670032587116e-01
9.956044598081373875e-01
9.943235939259453815e-01
9.870686415580551820e-01
9.954667038023752301e-01
9.899092558779447604e-01
9.913264736846425507e-01
9.972372815006188551e-01
9.981864598302543357e-01
9.562890056827402230e-01
9.532618521272591128e-01
9.922526868460429528e-01
9.916088826104715315e-01
9.933304515419826286e-01
9.952225217372840937e-01
9.563957904717854674e-01
9.753064627262350017e-01
9.906136802129728025e-01
9.979573758046518250e-01
9.914172529331924943e-01
9.970444270029580336e-01
9.777372147932398283e-01
9.955791092538297526e-01
9.783211241085469911e-01
9.903921016388592680e-01
9.936458587006828935e-01
9.929968621940539197e-01
9.857347091327753885e-01
9.742112103631401787e-01
9.860908700233076418e-01
9.978523198122424276e-01
9.900767197154731747e-01
9.925812183391838905e-01
9.952638247711879105e-01
9.996839376303090496e-01
9.997562573910343531e-01
9.971073249718859222e-01
9.969635208349264532e-01
9.995064908148564298e-01
9.865604568746516589e-01
9.959359175868690572e-01
9.917742087133610829e-01
9.893467443856189814e-01
9.827996995241934375e-01
9.941840826560893740e-01
9.920341698464548719e-01
9.987669884070204951e-01
9.847299813036545224e-01
9.921922237741991335e-01
9.730633155405270518e-01
9.857245922960113926e-01
9.631479520623842383e-01
9.908055310787059478e-01
9.953561535632933222e-01
9.897858025430832374e-01
9.880033354510968646e-01
9.974941832903015948e-01
9.975603552223621939e-01
9.963405730326960752e-01
9.968094982692963235e-01
9.959669758220516256e-01
9.939389574596726451e-01
9.967476556375405305e-01
9.991660683903285101e-01
9.980402546118994911e-01
9.749423010225790609e-01
9.955833774623600307e-01
9.997454653382213952e-01
9.861245430661010891e-01
9.864256599276610693e-01
9.995686721744204695e-01
9.937974238190854237e-01
9.893350009395232014e-01
9.813883094633221171e-01
9.973540140516471419e-01
9.973803691881865108e-01
9.969408638026822089e-01
9.970752377030970282e-01
9.966953851254163332e-01
9.991736269393004521e-01
9.858583363538478972e-01
9.890764319262773663e-01
9.992725210760798893e-01
9.967413027377713952e-01
9.490150652389721664e-01
9.901603351036444289e-01
9.944221292320856165e-01
9.980608465106255434e-01
9.978733157253474317e-01
9.673102169491225588e-01
9.873923323304807376e-01
9.895348834070355482e-01
9.935338276311492800e-01
9.790589475543755027e-01
1.000000000000000000e+00
9.599978621343833174e-01
9.927300378370288447e-01
9.942355529501076816e-01
9.930020996876534056e-01
9.816391895536079604e-01
9.950387892277855473e-01
7.561600411585264192e-01
9.829186357462544876e-01
9.944017517102243797e-01
9.973877809170360598e-01
9.727686985304290213e-01
9.913156873893436138e-01
9.735514495505926957e-01
9.887513096068293317e-01
9.912398522264724843e-01
9.940280530934370029e-01
7.561586216969053975e-01
9.841869968479135533e-01
7.562458475695704729e-01
9.947234168972629575e-01
9.944838949920342674e-01
9.749011015916532186e-01
9.913026171085367322e-01
9.590061759617715120e-01
9.983099488559910029e-01
9.970129320579084187e-01
9.968083140145741483e-01
9.973338053163258721e-01
9.963504011960908624e-01
9.985585221916645216e-01
9.986388027111506860e-01
9.996673318671056574e-01
9.996990496419774219e-01
9.915198603796280263e-01
9.917399809387670295e-01
9.967863022869826173e-01
9.997739599873896044e-01
9.989457512562942565e-01
9.977107389572986706e-01
9.980175179419800147e-01
9.870997370122899239e-01
9.945157312087702373e-01
9.972338561178775151e-01
9.977027633155074460e-01
9.993933501625973381e-01
9.991790501595828600e-01
9.973426901283863888e-01
9.967205868936641622e-01
9.995639147219560483e-01
9.957551196842371333e-01
9.967531410122585367e-01
9.978966224960105214e-01
9.958413889048919332e-01
9.975667065008857470e-01
9.983579742220144437e-01
9.985041091304180938e-01
9.992685156102694144e-01
9.923072384601457907e-01
9.976440888239207494e-01
9.596517733123631766e-01
9.844470718570519363e-01
9.895577729428072233e-01
