2.183281263108988179e-01
4.609138937702452754e-01
4.585607301945479053e-01
6.905854992777611390e-01
9.876851839316950210e-01
4.059875435016488399e-01
1.417046180981475501e-01
5.640526459388903735e-01
5.300865288099644301e-01
7.377198243414364587e-01
6.743722717143267875e-01
3.941160544650785802e-01
6.145586256054269558e-01
1.950104655794883957e-01
7.902762379355490197e-01
9.575343361912324047e-01
8.974585129079409862e-01
2.466221362385642435e-01
8.079375530383660076e-01
6.844039776333765701e-01
6.747170967751943138e-01
9.130571024819380543e-01
4.709697871977887029e-01
9.050318349298595022e-01
8.560783125374912261e-01
7.357956398258485020e-01
5.995567135332531272e-01
9.758072764112384334e-01
9.688332569740623068e-01
8.813710612490299745e-01
2.873141793715588976e-01
7.182990408386119574e-01
9.511380938679320218e-01
9.696626514642886496e-01
8.925847653707520424e-01
2.923974904952468812e-01
2.816116157162794065e-01
6.170250856635668413e-01
3.651787488663136849e-01
9.791016008028929907e-01
3.925566697726164400e-01
6.312224058739055454e-01
9.476799217250165830e-01
9.590684143150329799e-01
8.834990319406942350e-01
9.820276220273352896e-01
8.114736743494648241e-01
9.432480163919324534e-01
1.965083743554525142e-01
6.106618594357744456e-01
9.320115818678648134e-01
8.495256301422426937e-01
8.786031479016113144e-01
9.828380653798165500e-01
9.846549521200713695e-01
7.423777233521315910e-01
9.868407590415941844e-01
9.746997310236835688e-01
9.774588038150127112e-01
9.910311711545978230e-01
3.605110410043722569e-01
6.445698451769208415e-01
9.866295529195222569e-01
9.034342907683947654e-01
9.456051704617534082e-01
9.926075328064812853e-01
9.430308325946830106e-01
9.877349770569553433e-01
9.833572341972441899e-01
9.364021157499863302e-01
9.659282361223370250e-01
3.316629840231152260e-01
8.756716561579329650e-01
9.864029725456493480e-01
9.862182820823400808e-01
9.765801843345695010e-01
5.428276346604425928e-01
6.730203697701778731e-01
5.369997091606761863e-01
9.462113660432415196e-01
9.864574263451876268e-01
8.567162834920813985e-01
9.957885242105960488e-01
7.135680212956790891e-01
9.724347287650957350e-01
9.278502684449468907e-01
9.421207520813560388e-01
9.330962532233958440e-01
2.953606129154681681e-01
1.867895292498816806e-01
9.918991923430549029e-01
8.957962406998692950e-01
8.369014158281037341e-01
9.324161163381629036e-01
9.612554629259849603e-01
4.778388368618923798e-01
9.769651629772182488e-01
9.685178929075286547e-01
9.575296936783508350e-01
9.087864271798091753e-01
9.876855929286478819e-01
9.814711767670553089e-01
9.624053605170045378e-01
8.985495809617729535e-01
9.459585681131210677e-01
8.020660754835400308e-01
9.379189368530109761e-01
9.907474861747109784e-01
8.836265994228967857e-01
9.110978708794205128e-01
2.525243474137757183e-01
1.411641646801302108e-01
2.851830126206362781e-01
9.795875902567152682e-01
8.011395193110465440e-01
8.059442607817297599e-01
2.405302367098645366e-01
6.537530703837076684e-01
6.523169871668890174e-01
9.910205839567792774e-01
4.368327962394012443e-01
9.581266039656283207e-01
7.146264849618911841e-01
9.325933368727765682e-01
3.148126087861173872e-01
6.572089922801468420e-01
5.021485704734915956e-01
9.674363525804678954e-01
8.585855119931933288e-01
9.766657444869150106e-01
8.357675243251466712e-01
9.195556122910791830e-01
9.982389411651282352e-01
9.951507148710774242e-01
9.953924108543341642e-01
9.985101866922160285e-01
9.990787524409070475e-01
9.975975961337698594e-01
9.967967646620412570e-01
9.970574338333220155e-01
9.963763824363418564e-01
9.972157360077693600e-01
9.133265800302681203e-01
9.984209429119277335e-01
9.904257438939728653e-01
9.840503243059220972e-01
9.944721354825000192e-01
9.823089407513112548e-01
9.973553846017050306e-01
9.955286285281702563e-01
9.980061807981248645e-01
9.899062150122208692e-01
9.960836799408544495e-01
9.980402682497636624e-01
9.973230632890828229e-01
9.955844761020046230e-01
9.977814269789925250e-01
9.970545435511715127e-01
9.929938785199102780e-01
9.969215553789290141e-01
9.976807952477499963e-01
9.959393879146153372e-01
9.934807347657915733e-01
1.765495106424004035e-01
9.896263826669923214e-01
2.366227680209240236e-02
9.971040897828077343e-01
9.961441863819057163e-01
9.917209337401948765e-01
9.921382866852594962e-01
9.886721919577917683e-01
9.976900429002348858e-01
9.954024524259420525e-01
9.941918555920089551e-01
9.951769597644009036e-01
9.852166917143111435e-01
9.729529750116354681e-01
9.707030447485426317e-01
3.632347557168685154e-02
9.965271431350195552e-01
9.965074484411946543e-01
9.924771235887760445e-01
9.678003231494318737e-01
9.626141455361312271e-01
9.752798312602265485e-01
9.951210232274707579e-01
9.777999898115723454e-01
9.912363337041421030e-01
9.748521788909619845e-01
9.892240547779733717e-01
9.737149488000290676e-01
9.827390055738906005e-01
9.904414060514725726e-01
9.652172922975376101e-01
9.758195990415059473e-01
9.269136719450290496e-01
9.258117816433519831e-01
9.976873604401420570e-01
9.716912904868182377e-01
9.848186641509494299e-01
9.869674280925705423e-01
9.948131008654627072e-01
9.986463272218061293e-01
9.963597085845207202e-01
9.964457475679331377e-01
9.986886568402618680e-01
9.925990289779778042e-01
9.972650576689647828e-01
9.969673493939883446e-01
9.847840049943908936e-01
9.482394470043804535e-01
9.849784439107238665e-01
9.763947202452136764e-01
9.981789357990473732e-01
9.652073964038391241e-01
9.859252805809938236e-01
9.848195725098849440e-01
9.717555070445959009e-01
9.739753355079276975e-01
9.958944687431603437e-01
9.954734920400700737e-01
9.883820249109612766e-01
9.946753853082328511e-01
9.986350736381771620e-01
9.991348416138569055e-01
9.984735912696064419e-01
9.967112191381329867e-01
9.976037257726531049e-01
9.908416078828274909e-01
9.990767178589802233e-01
9.986422385732314222e-01
9.939664234035365808e-01
9.797360836689881225e-01
9.975139488312571023e-01
9.983067501396708510e-01
9.712200814774498703e-01
9.887384839274827586e-01
9.981305671827093162e-01
9.966047131851462071e-01
9.653651065108475038e-01
9.745240606219724988e-01
9.985641114289053322e-01
9.948870502781755887e-01
9.987601833472244950e-01
9.943459273393918663e-01
9.987775334564098495e-01
9.965063762168595574e-01
9.802110444514099408e-01
9.967048971710833483e-01
9.983693655366099318e-01
9.971224414973732797e-01
9.614676575784599777e-01
9.877205591238288340e-01
9.952545631077003296e-01
9.976188180438146924e-01
9.983085924708232639e-01
9.579949672262375593e-01
9.918611738735649830e-01
9.869882614817787614e-01
9.978858241796610962e-01
9.925425649168104769e-01
1.000000000000000000e+00
9.762655768022087122e-01
9.985048407980620100e-01
9.981031248245000320e-01
9.902356385066651834e-01
9.753382891825114198e-01
9.958573176197995647e-01
7.617553694174142853e-01
9.956921073756973550e-01
9.972311789554693107e-01
9.983085713712850362e-01
9.783205381501217657e-01
9.953442259015948812e-01
9.736531190192049268e-01
9.983186223648767843e-01
9.971457239488336066e-01
9.952962602206227860e-01
7.617551926401580076e-01
9.899364762142172092e-01
7.617437601973489070e-01
9.965742025109014524e-01
9.965320552915116759e-01
9.885852432503737797e-01
9.976847232369393526e-01
9.828872606047267535e-01
9.937996284623922261e-01
9.970965228995103402e-01
9.975059113764327412e-01
9.973489653964594526e-01
9.981643088271991981e-01
9.949838189692532531e-01
9.990142614548099820e-01
9.984073752856502670e-01
9.983026900589085928e-01
9.955403339539921070e-01
9.966977659760692942e-01
9.987899200923073817e-01
9.986188267273427011e-01
9.992245758167134229e-01
9.989265658313114526e-01
9.960778641446529358e-01
9.964299737768794740e-01
9.901049595770939904e-01
9.981506560640491799e-01
9.960016526429227302e-01
9.986325505210486009e-01
9.983957100592777412e-01
9.973129791958029733e-01
9.967581039870010429e-01
9.985499185679573841e-01
9.980909907677919524e-01
9.968797011107441985e-01
9.970911971920862760e-01
9.977682740200253253e-01
9.985090809011653024e-01
9.988246649930514476e-01
9.982457544998994958e-01
9.983395904712741853e-01
9.957699865071486522e-01
9.984664984777024133e-01
9.616633678138245545e-01
9.912304207385180810e-01
9.936340023024868850e-01
