1.925818101408170724e-01
4.365427175224876888e-01
3.186510922924431499e-01
6.840073632361620692e-01
9.705868340019387919e-01
4.045846025565713600e-01
6.235233061452984948e-01
5.374414214465629280e-01
4.563867069847767910e-01
6.038710745219427745e-01
6.679478588660185956e-01
3.967071138083798076e-01
6.127803681438297456e-01
1.950782892687449310e-01
7.772935233288800205e-01
9.514462345999569193e-01
8.847132922663981658e-01
1.753389409303440505e-01
7.979382208631992102e-01
5.368010468116058975e-01
6.415840744042108357e-01
8.659855128275795177e-01
4.594819392351697229e-01
9.014290553682893226e-01
8.474364875933659835e-01
7.248496123869695440e-01
5.962548293606421135e-01
9.553694084856382274e-01
9.538432084362549190e-01
8.621030055737117781e-01
2.887490567879433256e-01
6.973644679236945532e-01
9.441057985612666403e-01
9.498471727624042682e-01
8.672708505737278806e-01
2.649408641055037150e-01
2.799312444824126889e-01
6.062664451392487663e-01
3.509407510556780685e-01
9.686399789692667905e-01
3.628613398926104905e-01
6.049085892194165925e-01
9.368849272102165449e-01
9.450468606016081408e-01
8.630904703317375803e-01
9.659848773058963278e-01
7.714740165934309557e-01
9.375938176220265374e-01
1.728889558870315424e-01
5.885273130436331490e-01
9.085733611688018296e-01
8.316187825142733470e-01
8.687100483003369344e-01
9.159159096435076641e-01
9.769384920164089214e-01
7.287131338979547790e-01
9.687270587488422402e-01
9.415757030366769254e-01
9.702782095259185891e-01
9.788880090453795368e-01
3.438938995973480628e-01
5.930097524900800332e-01
9.672205743851401971e-01
8.875442183105832772e-01
9.198499182233638161e-01
9.745251825464515960e-01
9.322067527023973899e-01
9.706053734525905696e-01
9.745532849990026225e-01
9.297087068038086821e-01
9.621261760053735346e-01
3.176013951357108955e-01
8.503692322526232861e-01
9.628070989879174979e-01
9.705924173866297133e-01
9.605626222423174765e-01
5.419035591702558996e-01
6.540498740054792037e-01
5.315162878933280544e-01
9.092272597490591579e-01
9.691829104847728971e-01
8.482951591209242359e-01
9.932008273871387738e-01
6.658528968670599513e-01
9.425019818466994215e-01
9.025118704751610155e-01
9.183993045284757351e-01
8.810412282287400920e-01
3.019393372318578961e-01
1.833602791991804370e-01
9.779073645315128349e-01
7.909125341541615173e-01
6.502844287469899953e-01
9.238077324014608571e-01
9.450608183850779387e-01
4.177710545495268990e-01
9.391139437823917691e-01
9.462675772635131821e-01
9.359920049094376804e-01
8.872851860750369246e-01
9.586594797443585003e-01
9.559326201273420365e-01
9.274063969114190176e-01
8.857106087729460508e-01
9.404153511423768430e-01
7.358214722081604098e-01
9.268109925153943385e-01
9.618317412529442390e-01
8.597577384309289528e-01
8.458652085304176893e-01
2.327764229127417539e-01
1.329665490988331533e-01
2.929578865667675225e-01
9.694269352443558585e-01
7.866074776489730969e-01
8.004397604833691782e-01
2.297824750341864453e-01
6.519046903158360884e-01
6.496083083854613527e-01
9.729271213121486461e-01
4.383463844349135830e-01
9.493047816298580965e-01
7.013891014033256655e-01
9.275765396219449732e-01
2.986025066275025397e-01
6.339297373426815430e-01
4.934007134584617593e-01
9.556366657933239583e-01
8.407854030415433666e-01
9.669444674673483009e-01
7.246496686414618527e-01
8.345809358991730376e-01
9.828074082000896050e-01
9.697172642107549922e-01
9.640928289984165289e-01
9.832664723481996383e-01
7.430275819947821381e-01
4.763887591720930015e-01
9.535153789068344654e-01
9.788372086872989541e-01
9.685667165550334579e-01
9.583218318766258959e-01
8.463957874445339202e-01
9.836152971365862419e-01
9.538353070159270031e-01
8.566637750330388101e-01
9.713782984594326875e-01
9.266999453748501203e-01
4.749627212325207570e-01
4.769794365946972148e-01
9.292214117142987284e-01
7.918881257907930404e-01
9.433749762237783054e-01
9.807531619234328701e-01
4.240295756912292879e-01
9.627362704883534184e-01
9.700437244280243343e-01
9.401297488842282890e-01
9.465647589400862927e-01
9.001116215373882179e-01
8.791008768316466160e-01
2.934334325314791880e-01
3.944378410422125780e-01
8.660179753460777174e-01
1.442821690035171189e-01
3.544706346542360331e-02
9.293382850605504952e-01
9.595435817475371776e-01
9.199286047351338258e-01
4.671791280511701228e-01
8.979654326187406221e-01
9.174041051948204073e-01
7.642078065858128877e-01
6.963929870299288005e-01
3.764185351358390608e-01
4.253808423794135929e-01
1.356804583888824578e-01
2.132153036062553464e-01
6.105852979041844764e-01
1.729393929215669035e-01
9.932978987431840823e-01
9.863755972553993612e-01
9.525751465784915162e-01
4.795829936162988583e-01
1.215409953767822432e-01
9.947694782219637100e-01
9.777611026609153155e-01
9.906417491727605995e-01
2.752711083906103640e-01
5.346021843934687379e-01
4.528120308856251608e-01
9.737244111893316179e-01
9.868291933942445748e-01
2.307355079045239343e-01
1.308822149213530739e-01
8.998134406191807821e-01
9.012393658582301681e-01
9.979108340528815013e-01
9.646170048772362282e-01
9.785388640849232988e-01
9.795049171064610372e-01
9.874399809602821820e-01
9.852712585746511431e-01
9.753681097732435079e-01
9.484056533743346895e-01
9.880705976130619295e-01
9.545564607067896779e-01
9.952397329467946863e-01
9.854320102192977160e-01
9.392514363541427658e-01
9.277157549983320317e-01
9.780114979545615483e-01
9.687689619648371941e-01
9.888412566370127221e-01
8.433498645389578829e-01
9.227545475835752242e-01
9.280457269479980287e-01
7.839066831955162629e-01
8.418671339074418336e-01
9.931368034647922727e-01
9.767304926036470825e-01
9.632609351751204585e-01
9.789085344830104063e-01
9.934744855380983619e-01
9.932138680665447694e-01
9.762504842250598891e-01
9.732392105143535810e-01
9.792090312583652256e-01
9.871905911524395671e-01
9.932429387077033045e-01
9.861860962222809279e-01
9.689767916770970491e-01
8.855762353531850817e-01
9.813705473615187413e-01
9.849759015194832212e-01
6.526614957660437089e-01
9.135792444746915208e-01
9.765559091711772943e-01
9.639710373026456613e-01
7.898903288402282508e-01
9.596497353099044947e-01
9.941717739026142420e-01
9.544242659136694673e-01
9.935471532331249245e-01
9.306590036283299838e-01
9.874930770966883209e-01
9.772584808979539739e-01
8.920260564036830431e-01
9.700823700732256194e-01
9.854715869842481935e-01
9.440319771552032613e-01
7.779232941636271548e-01
9.616922075024587624e-01
9.916872536586992526e-01
9.849978151767954104e-01
9.869155519731742654e-01
8.042305921297404625e-01
9.466797561131127248e-01
4.902300315724846258e-01
2.944494223419037437e-01
9.356245576660345842e-01
1.000000000000000000e+00
9.353549677923272965e-01
9.760608980466085605e-01
8.734526876342331159e-01
5.443018227741562853e-01
8.236808014534704458e-01
7.573289203409080406e-01
7.512283537964079549e-01
9.260081437328095966e-01
9.778603718726268657e-01
9.613210349379680553e-01
9.235281565228630196e-01
9.824588781068388510e-01
9.261682417969039349e-01
8.854643583630525949e-01
9.755427124128412952e-01
2.420280081277790818e-01
7.512287097686273230e-01
6.746468929390027069e-01
7.511931709988749484e-01
9.786590257146990934e-01
9.533928535537614657e-01
8.972018929185190395e-01
8.396950002742212815e-01
8.710648155100075840e-01
9.610934998073341617e-01
9.697436575421606308e-01
9.676614560585636848e-01
9.706739106499377989e-01
9.843092062875484771e-01
9.649841845663396089e-01
9.810410417149668660e-01
9.826652542859908301e-01
9.785391839203662068e-01
9.482194910416857914e-01
9.761513894080062759e-01
9.800895913358655953e-01
9.920516647695079016e-01
9.804551741897821193e-01
9.836680891476240474e-01
9.662990110507262420e-01
9.735493787228115536e-01
9.165502259642452909e-01
9.810456471298837355e-01
9.703676209503138139e-01
9.818824268664342325e-01
9.818391894246208951e-01
9.713691428841010334e-01
9.730038396353998253e-01
9.802754997060646458e-01
9.720928624515295935e-01
9.505130574779413477e-01
9.680564297565054099e-01
9.711456865666430183e-01
9.861991336809863284e-01
9.792491217375455248e-01
9.781933426031653722e-01
9.774881675102660150e-01
9.583669973530747344e-01
9.725413672022388267e-01
7.605091429361020561e-01
3.757210519802730020e-01
9.676572135798774399e-01
