8.528326900510161401e-01
9.063121343493357740e-01
9.087445759177830151e-01
8.122401570529980130e-01
9.029639655127379427e-01
9.098417164568914917e-01
9.074857727660854412e-01
9.121916110460823734e-01
9.001633125540905445e-01
9.349580471211448307e-01
8.448324510468544490e-01
8.231780881919966708e-01
9.038509068694944304e-01
8.425396682280975602e-01
4.828312697008125820e-01
6.164584091793209319e-01
8.774718508700797281e-01
7.081005015888853782e-01
8.045266104612068814e-01
8.232668640269636962e-01
9.730074939053663385e-01
6.493089024347384886e-01
8.231577688320338426e-01
7.115142755922264639e-01
8.782815844193053723e-01
8.064485447933644746e-01
8.141264829330707720e-01
8.186526702817243928e-01
7.570250144395489489e-01
6.057696842600370779e-01
9.180565608437408764e-01
2.234385096182672503e-01
6.363437529342654830e-01
6.145989336849267959e-01
1.973048694423748528e-01
7.420200022153403685e-01
7.342296506247555365e-01
9.540929388655134957e-01
7.994467884373979150e-01
7.202193309680808841e-01
3.936816185600670037e-01
7.381437395901234710e-01
7.227256994241370025e-01
7.758367644925935336e-01
5.336544353379845118e-01
5.423491946003785591e-01
5.066810492507912711e-01
3.695202860779813192e-01
7.814561780160889093e-01
8.367751939734856537e-01
8.050725693424739537e-01
5.766514606292304501e-01
3.238847189402640492e-01
5.125016096800575349e-01
3.678562934457017541e-01
6.018610118606535497e-01
6.200829635406857054e-01
6.322576678308213793e-01
6.803969757472376756e-01
5.181279859473160165e-01
7.055697701493951479e-01
5.811460382698893090e-01
6.465112818562788188e-01
4.959563579206556216e-01
4.907331541937475228e-01
6.563361368692151032e-01
5.718852427653723369e-01
5.914549993498374736e-01
5.763962416769057295e-01
6.001738883878514619e-01
6.109783066141586394e-01
4.820216142702916651e-01
5.083762524262358529e-01
6.123449038725252702e-01
2.695816282876655201e-01
4.696981236612410293e-01
3.502147135432105984e-01
4.047928979517295134e-01
5.294026575032254600e-01
4.722954708846281990e-01
9.241287626361152086e-01
7.142128221758090589e-01
7.706017793827159013e-01
5.534029314261864618e-01
5.075348738062354093e-01
4.254118854426870988e-01
5.278676915353764931e-01
5.214385233271332520e-01
3.564599255253771970e-01
5.525800760859708172e-01
5.343683014012798882e-01
8.394737531004339282e-01
7.356389783942207661e-01
4.871523638051705185e-01
5.667519171236349296e-01
6.459147836209122584e-01
6.470518822570732187e-01
8.253565085825412817e-01
1.668688654056651732e-01
8.558572902977776842e-01
5.413449894133373075e-01
7.347403771554754659e-01
8.088634498598054057e-01
8.493252278646334918e-01
8.419263121432746244e-01
5.860611279178415955e-01
7.721865854443030752e-01
8.864081440943972767e-01
4.185475066350471951e-01
5.934908617302445677e-01
9.114846185774169163e-01
6.638724508131007562e-01
2.416865886590439383e-01
2.576866749673654700e-01
3.779372460752634666e-01
6.338783911426850715e-01
8.445903606210567460e-01
5.865312926624909329e-01
2.641030144190214535e-01
6.257882101166478694e-01
7.597623168376962388e-01
5.357205005145615484e-01
5.013626157800860073e-01
6.902557772820470117e-01
3.259561677339017360e-01
7.050335970745084113e-01
7.275737887041076046e-01
4.695830828241587818e-01
4.121095850289885898e-01
5.859195931141022440e-01
8.256030481428484613e-01
7.470242226887077175e-01
5.992171898203296765e-01
5.884515409140338438e-01
6.839961066996094186e-01
2.725697571503479244e-01
8.883961253181719142e-01
8.633351279788550325e-01
7.663021242925158738e-01
8.402640742534209783e-01
6.860235442899812464e-01
7.741418832572257713e-01
7.984345812755526683e-01
9.327170439328907880e-01
9.330025726768493843e-01
8.962174104748933390e-01
