8.973757635282463285e-01
9.352108502317502126e-01
9.377187638881533394e-01
8.538095938345180436e-01
9.131164900648588434e-01
9.427310939250739263e-01
9.433635641989964737e-01
9.400230809329214177e-01
9.290915778187036622e-01
9.640877151185505145e-01
8.759297416214286702e-01
8.538586750880007292e-01
9.250133479615214593e-01
8.711938700826505899e-01
5.393386160298880849e-01
6.416566261205399746e-01
9.141254383240238202e-01
7.322705623747388648e-01
8.412069846646371696e-01
8.468720759197159165e-01
9.717808472078949267e-01
7.087844142095293121e-01
8.751946160211863113e-01
7.698579842438822984e-01
9.248451777291460951e-01
8.520015932092608324e-01
8.723428331622903320e-01
8.346478333631927038e-01
8.170834685643710849e-01
6.607913263945981441e-01
9.181874725529935999e-01
2.879009360772314952e-01
6.865428453559028199e-01
6.372525863357546561e-01
1.938826637600796488e-01
7.522066572250162286e-01
7.746896763988230239e-01
9.665997833984988352e-01
8.197492682160495425e-01
7.780041380420237296e-01
3.516112877887612731e-01
7.669452694419557348e-01
7.198010494056829023e-01
7.915965547993369933e-01
6.154624511279918053e-01
5.812051358041890881e-01
5.427445892576551190e-01
3.837613092913473856e-01
8.031314540893609299e-01
8.544257930209140373e-01
7.974231042975314931e-01
6.134244361995233596e-01
3.683710486869705703e-01
5.357506310124837690e-01
3.939529677956765674e-01
6.397943944894223245e-01
6.885202873987962269e-01
6.910687889179032428e-01
7.178716511462296390e-01
5.723581082238192730e-01
7.410140597752469249e-01
5.948117898704200490e-01
6.497054279422129763e-01
5.431269558663948116e-01
4.936085607509845818e-01
5.911828548791191462e-01
4.415881528614981066e-01
5.820817629494664525e-01
4.388517300049054604e-01
5.556240912329781789e-01
6.505659180883410775e-01
4.685525806139549387e-01
4.590030102708928528e-01
5.902821363664645382e-01
2.617170540372609211e-01
4.016105299677616980e-01
3.397218657134859487e-01
3.861694362838121730e-01
5.979388450182023806e-01
5.527886887980083541e-01
9.735733569842427437e-01
7.312905635940988303e-01
7.954670722194933097e-01
6.417334992142842420e-01
5.365939828832301250e-01
4.378664832912537164e-01
4.256379713180405977e-01
5.383177607002799236e-01
2.912681542680582991e-01
5.633028232590767681e-01
5.478989141128575158e-01
8.490834900331574175e-01
7.857958341271795710e-01
5.049914896299093625e-01
5.664688743431576246e-01
6.828803059644026341e-01
6.900366644501340074e-01
8.580543844739743076e-01
1.615730008751309066e-01
8.816950591416747862e-01
4.347545818291029818e-01
7.390087138967831315e-01
8.424690115779268629e-01
8.812002482122065494e-01
8.729959411199081920e-01
6.295737817019785298e-01
7.969457343968280316e-01
9.108670155263832724e-01
4.476023523141777205e-01
6.364305420373052025e-01
9.209672458109046111e-01
7.092779397381856477e-01
2.517353766184877162e-01
2.773954450447636000e-01
4.187515909797140390e-01
6.771366782133110274e-01
8.750655657233870066e-01
6.660737212818503838e-01
2.888355292434592880e-01
6.510818005670099273e-01
7.160936355232607742e-01
4.672828332462013456e-01
4.472630403575441060e-01
7.349048759943357378e-01
2.288665260605005081e-01
6.445882978849262201e-01
6.903932703454649378e-01
5.319806249786975805e-01
3.105766693611182183e-01
5.653952975218256016e-01
8.010422653483737498e-01
7.574987859347817043e-01
6.210829377024953413e-01
6.198987780267714021e-01
6.809492847004733340e-01
2.715082798415253684e-01
9.151420877698692724e-01
8.879756535766699654e-01
7.856082528589077851e-01
8.658943029243644229e-01
7.234327522725643167e-01
8.207197412130987635e-01
1.817197194898468871e-01
9.633513415462099383e-01
9.552184070188052267e-01
9.207079447691489671e-01
