8.555115555291628038e-01
9.084731228446423223e-01
8.975018369035185906e-01
8.547126919025637148e-01
9.228082620273749814e-01
9.104997031390378304e-01
8.954896482114897971e-01
9.252836699151455457e-01
8.900601114499701039e-01
9.323958827100206070e-01
8.769192649491566183e-01
8.964690589633461659e-01
9.358816554775317709e-01
8.812498881495504088e-01
6.232724110044770560e-01
6.739916922146038658e-01
8.950552980588721841e-01
7.064916271136227888e-01
8.537798398394730315e-01
8.512504617874957491e-01
9.694212640562648309e-01
7.629493507866469404e-01
8.370235498398345131e-01
1.338989154545757176e-01
8.643087495821397681e-01
8.378190187357836827e-01
8.279302434548831968e-01
8.688129931086824298e-01
7.718071988074698409e-01
8.434534728828978478e-01
9.259819388393151218e-01
5.731381624352711590e-01
7.642889458014701098e-01
6.164513078785988087e-01
4.281965508323433145e-01
7.481032942154373089e-01
7.769061048091748800e-01
9.633194360821684121e-01
8.348730346894038812e-01
9.031186938865514158e-01
4.784719147264107075e-01
8.118609426024355757e-01
7.822546082063936979e-01
8.511087401944583686e-01
6.654226061830580408e-01
7.130800074160443813e-01
6.128343169433870807e-01
5.288948524407809382e-01
8.024154928805751208e-01
8.555019876360421271e-01
6.904138549735333585e-01
6.376443458621245952e-01
5.606148155974352010e-01
6.465339896751580717e-01
5.910176972122120898e-01
7.579722534794496314e-01
7.852170194269435521e-01
8.079023497447030966e-01
8.291090036250891027e-01
6.922950585656825195e-01
8.024749821311322195e-01
7.093667892552909526e-01
7.071154464154426611e-01
6.474515726064248300e-01
5.562656019097036442e-01
6.402084762939784790e-01
6.341327817088758811e-01
5.580645722705760425e-01
6.153243882881819227e-01
5.258956120142588286e-01
5.013323170464265566e-01
4.615672980865381803e-01
5.089096476022850757e-01
6.163361546458995255e-01
2.705539962327727088e-01
4.798579882589661949e-01
3.584288245219744984e-01
4.097799006859081938e-01
5.152660095132606255e-01
4.387597360248330913e-01
8.885701601411168937e-01
7.566472023538015623e-01
8.195237902432758181e-01
6.988463572108076782e-01
6.465428357999336573e-01
6.420585387628615637e-01
5.214101215321320648e-01
5.958408887322415026e-01
5.059815918168136806e-01
5.918232168593785536e-01
6.132091925890488238e-01
8.756567943967239476e-01
8.028257206289013403e-01
5.666520513186326102e-01
6.111772606369413330e-01
7.001192721472431213e-01
7.153837254682825497e-01
8.586198580857896667e-01
4.227253812753432594e-01
6.640853431353612724e-01
6.221326411433899528e-01
4.852012700090861386e-01
8.476140397439133611e-01
8.613593777923257422e-01
8.668013172667513588e-01
6.977703803277824912e-01
8.476810870359758887e-01
9.164636330872523162e-01
5.534490163691890841e-01
7.061513254053185529e-01
9.388487973171208978e-01
8.521759627209687382e-01
4.627828483234692203e-01
4.508448756625932918e-01
5.613743005070499503e-01
7.914383028081568572e-01
8.933643713338167425e-01
7.745062078892386292e-01
4.845331250414469104e-01
7.037616557162433839e-01
6.151549867565589969e-01
5.440939632275119120e-01
6.156051034868135208e-01
8.086046898617380574e-01
3.455983712031074351e-01
6.620560920767712965e-01
6.269830517365608813e-01
4.309904709701912195e-01
4.260108027500486561e-01
5.058678323061670534e-01
5.498516594864626406e-01
8.053584419757122692e-01
7.559011325513339541e-01
6.958157999598872934e-01
5.411709665305205474e-01
5.855379300242858909e-01
9.132239340426488994e-01
8.854628569124769477e-01
8.635401676733317489e-01
8.747697192434713553e-01
7.810949036594125872e-01
8.137452322146971895e-01
8.759104076663782878e-01
9.297874957927541040e-01
9.306687582317096918e-01
9.169059036751979752e-01
