8.606007036463317883e-01
9.182995079265565685e-01
9.066414459141470816e-01
8.538162239516976504e-01
9.210667892567103721e-01
9.106253780992596969e-01
9.044352661531167570e-01
9.240886256916942543e-01
9.010368349295120316e-01
9.412487546312138242e-01
8.805328162924656032e-01
8.870757277473233504e-01
9.111188259781377585e-01
8.970127706882309315e-01
6.077511296089449511e-01
6.347174574617856502e-01
8.947285812654072190e-01
7.468726130161591481e-01
8.627040546357468420e-01
8.401102002824049064e-01
9.732302634392338003e-01
7.572863645295946355e-01
4.777069090318661893e-01
7.821160610481762143e-01
8.871586918583371784e-01
8.499335325159849130e-01
8.226352411339514781e-01
8.550898510344225878e-01
7.726529634929365509e-01
8.234302728493937407e-01
9.373819132297528389e-01
5.692140046866038805e-01
7.085484121265328561e-01
5.989269096937860359e-01
4.180838669103966176e-01
6.038637128950713473e-01
7.947917095202828852e-01
9.670488076945621403e-01
6.912176556454232568e-01
8.495279897894494336e-01
4.733282758969614701e-01
7.464664884098000108e-01
6.491555147588421448e-01
7.874251836795631565e-01
7.311887877791386492e-01
6.700896317534377200e-01
5.692394615459083207e-01
5.215267582408057434e-01
7.539972495762007343e-01
8.915709646930634058e-01
6.468754116903396856e-01
6.035404289131718336e-01
5.151757736505901963e-01
6.776468132535712341e-01
4.965781726747492963e-01
7.039096724020444951e-01
7.260675440621391363e-01
7.703581182801368943e-01
8.210383892381926119e-01
7.058538269560961087e-01
7.559414685612699802e-01
6.521190498156663740e-01
6.621633211617313775e-01
6.208309581203229621e-01
5.329491986609494747e-01
5.865226088595197895e-01
6.360541187981189060e-01
5.568075623297873422e-01
6.132470630845926474e-01
5.220518491526486837e-01
4.987687000407124427e-01
4.649625363594022676e-01
5.089490255246891248e-01
6.145064999032753272e-01
2.697805433234787831e-01
4.865857564024602677e-01
3.642661162275365183e-01
4.165634407464156030e-01
5.099605778411210322e-01
4.414232697632460845e-01
9.179487610818991561e-01
7.374898106468208425e-01
8.414698638840041323e-01
6.603644258426905056e-01
6.539566607404045939e-01
6.302670650591648549e-01
5.127180055392395186e-01
5.776158015944686808e-01
5.041720990704471328e-01
5.854900105989239156e-01
5.824167791939963701e-01
7.093463243435454979e-01
6.957620978838390258e-01
5.555609080940592248e-01
5.697808360060349075e-01
6.391210267663061106e-01
6.660938282163256785e-01
8.656573574910388924e-01
4.228435105235210378e-01
6.430249681423887420e-01
6.192387087784355648e-01
2.595003444008876503e-01
6.985358509767565227e-01
8.622156281973752945e-01
8.689942803202758137e-01
2.382842922516105744e-01
8.339307703414151618e-01
9.141239282678641498e-01
6.379553993769020437e-01
6.841170864946970465e-01
9.380925561000018620e-01
7.311707835157492674e-01
4.781896197105676705e-01
4.377530772591065045e-01
3.996523776851335641e-01
7.743441633526295664e-01
8.936239330939441672e-01
6.997130997201684854e-01
4.943469539560713666e-01
6.465033533374459074e-01
5.392587892746327771e-01
5.390210712645117086e-01
6.144019372672722135e-01
6.106891235345700553e-01
3.484116103642492801e-01
5.787861393946335253e-01
6.221790443151699046e-01
4.289193318063269089e-01
4.262420345650837494e-01
5.038859091172642746e-01
5.034742793026720786e-01
7.162133388545706136e-01
6.543861184413491960e-01
6.563426511450417555e-01
5.283961264051233453e-01
5.846368700273540941e-01
9.081387290299761661e-01
8.959026494353380388e-01
7.504652943619654071e-01
8.762984960299785575e-01
7.543807122809115251e-01
8.042540782762505058e-01
8.384888248264507071e-01
9.356433962278979388e-01
9.410495597485559749e-01
9.248410674727173264e-01
