9.246427989145878934e-01
9.524203758271762021e-01
9.533678649878303268e-01
8.951633244772776443e-01
9.303743413701187626e-01
9.603331659651594965e-01
9.647501473384623161e-01
9.592004338404797048e-01
9.495565882233528709e-01
9.791142623788068322e-01
9.066814961064945111e-01
8.911217835570605095e-01
9.449408497307663080e-01
8.977673044722755957e-01
6.211609505324804381e-01
6.907650790193108348e-01
9.428212344788188259e-01
7.545794690419779238e-01
8.736338723112059279e-01
8.767763318714230092e-01
9.680622132451767170e-01
7.693450133934027768e-01
9.218691144426437445e-01
8.144112957788313123e-01
9.434016597715383368e-01
8.844523076493276958e-01
9.141242004339653615e-01
8.699745966643633865e-01
8.578886272310602967e-01
7.744886345739323552e-01
9.124080518202499768e-01
4.509595502690952329e-01
7.265749396251400816e-01
7.061928518614267736e-01
2.819614485541027116e-01
8.001582069130223074e-01
8.138571960523581783e-01
9.709039706414250848e-01
8.679812309709107332e-01
8.521629801273031823e-01
4.004407363136777698e-01
8.103864619465761532e-01
7.861612532938977438e-01
8.407610994279042238e-01
7.000629840694567729e-01
6.693952259449860165e-01
6.012113742802918104e-01
4.086014791555498404e-01
8.377181623396928734e-01
8.644632864058560129e-01
8.338814347711124286e-01
7.045577080091248723e-01
4.580100528858980780e-01
5.667469419340590564e-01
5.470508202816908305e-01
7.052145012917511169e-01
7.581044496750788397e-01
7.558294569491814663e-01
7.800917814595629274e-01
6.471731501364968997e-01
7.729225559816703672e-01
6.666491330156703032e-01
7.239243280766582966e-01
6.588305912515248774e-01
5.737755605933854142e-01
6.318914495992644653e-01
2.240940574452839756e-02
6.395250996346908412e-01
4.447317819196153210e-01
6.280857634478121954e-01
7.293308421593791557e-01
6.065908238503257000e-01
4.561643780973527740e-01
4.909522249908042646e-01
2.361866331200886404e-01
3.571236529921922309e-01
3.142567328348503941e-01
3.752442855036814406e-01
6.382562313408390864e-01
6.747438950124575729e-01
9.792242915585028795e-01
7.550400246888469002e-01
8.145834779656572211e-01
7.151831937611466961e-01
5.823036114240075500e-01
4.648764244206413654e-01
5.607150877700946001e-01
6.287882922063379176e-01
4.503010253743309765e-01
6.289753291720786565e-01
6.144632128156748418e-01
8.784455738032799221e-01
8.385934837101475248e-01
5.330299234249197271e-01
6.377416035459726462e-01
7.576986510873143787e-01
7.509509028076131187e-01
8.958229024191416423e-01
1.751194012484514617e-01
9.141184796760984943e-01
5.211235258561349726e-01
8.084780185150459708e-01
8.918610523028633885e-01
9.028185031791281512e-01
9.029613418350351806e-01
6.812803906783961860e-01
8.446966733068698163e-01
9.293682170305267443e-01
4.778869727568352821e-01
6.609228891490546154e-01
9.319276007788854788e-01
7.941763658667763126e-01
2.767532671075704220e-01
3.244642247593080286e-01
4.795902824675321585e-01
7.411426652856099029e-01
8.998748460953542860e-01
7.481867811575227956e-01
3.702381152251404961e-01
7.022723204013971987e-01
7.644762336529201674e-01
5.163077222044768488e-01
4.987506844102606030e-01
8.028415619073830944e-01
2.176904536997112671e-01
7.463681539045389224e-01
7.542841452731529062e-01
5.759625913734482960e-01
3.239360475372294879e-01
6.502325257302916661e-01
8.317665775582855359e-01
8.019951528472801794e-01
7.154922138368814410e-01
6.529197092370094824e-01
7.049111671897173581e-01
3.838845888033092790e-01
9.403727824562626569e-01
9.097902301396876279e-01
8.435809400562240823e-01
9.003825450209231862e-01
7.636871202824212501e-01
8.639579769789160757e-01
9.193053696588032730e-01
9.768385834091932729e-01
9.664232859415101684e-01
9.422568812919740466e-01
