8.264992906953734231e-01
8.882499671568916400e-01
8.833457944267897322e-01
8.380507152967977547e-01
9.159077167418405718e-01
8.930577695373884684e-01
8.772411998842474246e-01
9.043379299574169083e-01
8.783159530044789554e-01
9.124503741824510072e-01
8.540618578575898123e-01
8.602112225863912665e-01
9.112956433612015017e-01
8.577762439581234633e-01
6.490814950018911622e-01
7.182284229997770719e-01
8.682466728898449171e-01
6.918148899015862385e-01
8.309116061865301495e-01
8.417750284357905510e-01
9.681223621694916570e-01
6.416498608116980584e-01
8.089708514793951810e-01
6.921882763871748390e-01
8.384594114961215761e-01
8.136076255411304192e-01
7.984692492205434089e-01
8.545526224976869312e-01
7.406294378680904344e-01
7.719300751921750470e-01
9.142399503502063318e-01
3.403818807210281516e-01
7.029260949202341680e-01
6.726564970916317776e-01
4.135857329118993730e-01
8.008480254539722676e-01
7.515375354868784052e-01
9.453483077283151292e-01
8.891469757895199555e-01
8.441689136835542895e-01
5.018192128855853973e-01
7.983742246271656740e-01
8.493877310881537968e-01
8.297342207589041285e-01
5.173298449122133436e-01
7.128657278614971560e-01
6.413312334895098221e-01
4.201750103493203103e-01
7.993070880313473126e-01
8.248324895123844147e-01
8.034392894667317098e-01
7.130802752290268387e-01
4.918901631585865797e-01
5.423647273261743562e-01
6.492676134565158463e-01
7.400354891028201321e-01
7.121597596629285487e-01
7.197477365147977313e-01
7.640898057977357771e-01
5.739651336097963963e-01
7.307529556433924878e-01
7.486305354548392632e-01
7.762105730905286549e-01
6.935273152578594891e-01
6.080395355866888840e-01
7.080807345915448581e-01
6.296970124934976321e-01
5.612080634517617739e-01
6.096381410741162910e-01
5.468164238175702296e-01
5.264275090370058585e-01
4.691599314737041615e-01
5.100828496203302365e-01
6.152923777641562397e-01
2.702849375566914181e-01
4.774847734874952399e-01
3.521070789838458559e-01
4.037479772014784252e-01
5.151761969814538933e-01
4.435583281337373562e-01
8.671333099783532505e-01
7.276246198633214979e-01
7.635180915881566444e-01
6.747435630368910919e-01
5.618398730950383557e-01
6.258303404159403227e-01
5.524183719506248202e-01
6.519702229727180054e-01
5.019692389059290383e-01
6.001952995564243665e-01
6.831851017764076772e-01
9.042932928660318836e-01
8.207856421507832012e-01
5.020320010074392769e-01
7.059974207099173338e-01
7.962256984848865571e-01
7.795319382760722560e-01
8.453125112370230010e-01
3.224324540578858422e-01
7.690130795296998834e-01
6.135945253811878608e-01
6.379142584405398386e-01
8.668995988541720044e-01
8.457567781154654574e-01
8.452813207179684651e-01
6.336866869560475735e-01
8.335470233193655876e-01
8.877262700289090258e-01
4.113815978542080809e-01
6.640649866484971131e-01
9.151519021767801076e-01
7.712638393814392757e-01
3.184166120473814754e-01
3.351358095854682917e-01
4.796989616893868047e-01
7.211826916343209160e-01
8.665869929275963335e-01
7.003264669032455148e-01
4.419646447151342472e-01
7.401739595092285962e-01
7.747456278469169177e-01
5.417726617196944039e-01
6.100603884429754986e-01
7.941720567477402737e-01
3.357791545924982968e-01
7.761266879641967043e-01
6.558955224137129614e-01
4.387355871124546947e-01
4.246866537728921087e-01
5.300529875133890290e-01
7.027178472216687455e-01
7.934953946162012217e-01
8.034686651645459587e-01
6.488729802222876764e-01
6.243451671554326454e-01
5.950118462278835008e-01
8.949358963117538535e-01
8.717460938879676435e-01
8.552692613485399775e-01
8.627232277305805219e-01
7.511913942723115190e-01
7.896358884008649603e-01
1.369990290370067670e-02
9.138642144106771115e-01
9.115404798220692051e-01
9.060235525220041719e-01
