9.852043336270237539e-01
9.893225088951874691e-01
9.883821273330701818e-01
9.854184329110166063e-01
9.859012905678788963e-01
9.918352024889494079e-01
9.916316077604830914e-01
9.890534832757936767e-01
9.893291082695441219e-01
9.948754398804113830e-01
9.857462820495284106e-01
9.854244814648732698e-01
9.939826883934650414e-01
9.739900097907793208e-01
9.265164321876497855e-01
9.159174902722577727e-01
9.830064341544114681e-01
9.667062954585394774e-01
9.727441955482137859e-01
9.656445924744265774e-01
9.948159320598159994e-01
9.666643016499487651e-01
9.812785334737319509e-01
9.611941812241479033e-01
9.805528521167947709e-01
9.700196875190507662e-01
9.797390194953784492e-01
9.734847418196600488e-01
9.644630603049827444e-01
9.704931974717296850e-01
9.931441537414741338e-01
9.483251005688483337e-01
9.236170053185102091e-01
9.088762581967325671e-01
9.467822153335893054e-01
9.491106122996155747e-01
9.545243231803614004e-01
9.970733324364892125e-01
9.796036110475335734e-01
9.826241275611772297e-01
8.714357007508315434e-01
9.474411588564078945e-01
9.657376960988718340e-01
9.732951242657779112e-01
9.614900011736724483e-01
9.219382647551602750e-01
8.794252482495238388e-01
8.101746646492470338e-01
9.651199555820423326e-01
9.374155408577008464e-01
9.572630201327892996e-01
9.514156167847910295e-01
9.171934486441478684e-01
8.838967700136173278e-01
9.485868644213609757e-01
9.303604120435996494e-01
9.579586880266534044e-01
9.575876261878608631e-01
9.659893588769112860e-01
9.518439228624001602e-01
9.375451609307727807e-01
9.190392803064822980e-01
9.395717247561112817e-01
9.409028661730355347e-01
8.811235658690178552e-01
8.934463754958307247e-01
8.005045010722344756e-01
8.658547080304356269e-01
8.208630692998969414e-01
9.212229417669881570e-01
9.517781398235783952e-01
9.519471713063986096e-01
8.761407275279744500e-01
7.010742521598323229e-01
6.579302913505221673e-01
8.832579660130014387e-01
5.923121693367238150e-01
8.035882109656853345e-01
8.959509614552236823e-01
9.580974088311045023e-01
9.854522975604516066e-01
9.257154177157477237e-01
9.460593743026012303e-01
8.784273617903626263e-01
9.210161937674022914e-01
8.105771172542015623e-01
9.385510187186757447e-01
9.255620253404845954e-01
9.270502421542319293e-01
9.042929300893240985e-01
8.793695274811261786e-01
9.723387909080776215e-01
9.525976839475660540e-01
8.565132933533684545e-01
9.293629312848430413e-01
9.572163600372163295e-01
9.281331328393159774e-01
9.819319636278496244e-01
8.259805617135197453e-01
9.825914058511554527e-01
8.568785221176191680e-01
9.753665158594791995e-01
9.792680741243428022e-01
9.764818493961673340e-01
9.800566914684226694e-01
9.135117611785015246e-01
9.585119743498673461e-01
9.847649780617041548e-01
9.183205983919867643e-01
8.366811659321581329e-01
9.876688030175228006e-01
9.682341495388810948e-01
8.228371049538463211e-01
8.690725042237716913e-01
8.562955726073209206e-01
9.503732977692394002e-01
9.770362103797106679e-01
9.381431048581818644e-01
9.022320596990948127e-01
9.086213327118716210e-01
9.390220808212560444e-01
8.456197416107436027e-01
8.178096301998712958e-01
9.470976270702393673e-01
8.762154547140121874e-01
9.450850162153916489e-01
9.320969049765980285e-01
7.895411976043297253e-01
8.920414338593657400e-01
9.170571644098627351e-01
9.493397403533766488e-01
9.475523040917493978e-01
9.541891324628039017e-01
8.341418287905848494e-01
9.080203365646392077e-01
9.192480089066460414e-01
9.896151861239340652e-01
9.760694985095731413e-01
9.685075531482681965e-01
9.854594469566185788e-01
9.149689390420729929e-01
9.721513892051677486e-01
9.805078434372772600e-01
9.877757161668430097e-01
9.926001006476631305e-01
9.868374397284187527e-01
