9.785436813230892206e-01
8.835162006743989549e-01
9.934962360231291978e-01
9.488221575786697226e-01
9.777785091474946455e-01
9.827896765511169308e-01
9.905816244259126879e-01
9.551738279746497806e-01
9.825429218423354927e-01
9.936719697252475170e-01
9.783336893661833678e-01
7.321179080525395122e-01
9.884615435123910165e-01
9.327859855698853453e-01
8.386009445145797825e-01
7.651450386412369520e-01
9.817112566273081820e-01
7.682839720280317808e-01
9.631341319590984718e-01
7.815323368110481672e-01
9.938379544426826362e-01
9.222171541139122519e-01
9.118621251841689812e-01
9.672238332866498478e-01
9.538189504735009594e-01
9.778304700921730541e-01
9.623947423994065886e-01
9.702774905844504527e-01
9.820736669578492561e-01
9.553955616714229215e-01
9.860616955133668649e-01
8.853940627337956171e-01
9.345127187801678392e-01
8.153965246769357966e-01
7.875004425156092447e-01
9.514498423257938819e-01
8.236739364530135665e-01
9.955246117071480105e-01
9.575111395178209639e-01
9.361466415042415390e-01
9.263240363060259996e-01
9.408267776181566955e-01
9.025305412483228817e-01
9.721096971217598748e-01
8.054033910545991271e-01
8.025639719038724085e-01
9.382263895547247046e-01
8.014211546634252281e-01
9.835118083124273491e-01
9.407523145498082329e-01
8.837380700870632877e-01
9.656290904642810258e-01
8.857397628431280534e-01
8.821351044664126340e-01
9.578846448945692593e-01
8.714816562543256095e-01
9.443368568252817896e-01
8.509588228107364261e-01
9.567554111192319022e-01
9.538494731998948817e-01
8.806632492074596419e-01
8.755915097137847436e-01
9.133084252956208404e-01
8.016846735181332173e-01
8.124290520110903913e-01
9.365726125353371900e-01
6.040973361469830216e-01
3.341459110202565919e-01
7.325303613619451593e-01
5.466801337962751139e-01
8.828113962813938231e-01
9.169960706179158816e-01
3.009816672625640899e-01
6.425771914250726358e-01
8.271485301809308188e-01
2.961716976267882995e-01
7.968127169305777580e-01
3.626790835448850392e-01
3.171935674205341171e-01
7.333421544865529329e-01
9.865745966406466172e-01
8.065810214079861540e-01
8.844696014141623097e-01
8.823234332532815527e-01
9.300149643285066103e-01
8.088038915090121073e-01
8.222766876658176294e-01
3.362340623765931458e-01
7.737791067901970132e-01
8.148003771171117293e-01
3.446557893945076945e-01
9.408711084543298631e-01
8.525012368114469608e-01
4.732924119486989767e-01
8.615560562876898310e-01
8.504292900259501353e-01
7.688029658210178141e-01
9.435923307534055393e-01
8.311472332620841730e-01
7.217641563510560632e-01
7.447140828326785922e-01
8.463255422541992035e-01
7.797832507364851340e-01
9.539394148915999461e-01
9.428964722716471902e-01
9.265376904148305837e-01
9.094699807284253312e-01
9.883663451079522932e-01
7.542716182149148407e-01
3.983246683296881030e-01
9.942248747240776119e-01
9.520653385820568859e-01
6.254437144661137982e-01
6.665852607590783130e-01
7.968437480823251651e-01
8.821236907973459829e-01
9.085425108281567352e-01
6.804523350094698886e-01
3.671370023154379436e-01
4.961545596057854723e-01
8.083637174339359799e-01
3.749526263990219377e-01
2.788720319010773441e-01
6.953542977689026738e-01
3.517945295563041919e-01
3.050982070988908501e-01
8.190817964276367880e-01
3.226507038089040380e-01
5.085208972287250662e-01
3.998892952373088172e-01
4.593726615920169509e-01
8.828055880590162108e-01
8.331373634325192068e-01
4.501899858123244447e-01
3.854566605260763557e-01
3.889718268772586196e-01
4.741428839419717933e-01
9.654472776146303392e-01
9.148833709106996004e-01
9.666033390919939183e-01
6.613093531586776708e-01
9.060588923525456639e-01
9.642283818954752173e-01
9.874903273637771761e-01
5.814252612375203633e-01
8.969895951985629168e-01
