9.939931395082692855e-01
9.859629778345304629e-01
9.975178368690008623e-01
9.885687693604985338e-01
9.900197360499471966e-01
9.944418113780224555e-01
9.971123805073315305e-01
9.905620635215408587e-01
9.962090632027490456e-01
9.968743946664353484e-01
9.908207200461974784e-01
9.951657592428297949e-01
9.965841416519659601e-01
9.845971567631235377e-01
9.372003730139265576e-01
8.984540889555733267e-01
9.918003700299224956e-01
9.794145207188794666e-01
9.876688636910169183e-01
9.623491313313586870e-01
9.973742733194529420e-01
9.687305765434790494e-01
9.872260665613458164e-01
9.808739030777131607e-01
9.834327690367079544e-01
9.878664523707180178e-01
9.876236533872523315e-01
9.865129423069488590e-01
9.928253603176355746e-01
9.838571528701045565e-01
9.951821910029450269e-01
9.537395558924077754e-01
9.751506161579109877e-01
9.034489539890919740e-01
9.457092280139316465e-01
9.754145667342315473e-01
9.812030986201850657e-01
9.985639164079607166e-01
9.855713033883266583e-01
9.765038164015762412e-01
9.778825895561081838e-01
9.735355012247183248e-01
9.698111038296262087e-01
9.879440258840067601e-01
9.738168912135626298e-01
9.142734142978776735e-01
9.676947772974331397e-01
9.397284056915889972e-01
9.908597107484493627e-01
9.763310686385158199e-01
9.507147217607473388e-01
9.824772118622270289e-01
9.529593218516458908e-01
9.457082575869744101e-01
9.795355876705299503e-01
9.489555054194901418e-01
9.795571216543097481e-01
9.746294283597621844e-01
9.866973279518020945e-01
9.792296617816406146e-01
9.486867221658760174e-01
9.659417018194125237e-01
9.635826505973478229e-01
9.338897752210211234e-01
9.392360699298735183e-01
9.539023851319292646e-01
9.150484004140031491e-01
8.590825539626216756e-01
8.732166082374021032e-01
9.215930189300963749e-01
9.587131794193362033e-01
9.673137941748322088e-01
8.761749260790847593e-01
8.875949001722661658e-01
9.530156510455438656e-01
8.918943672244126208e-01
9.503237060002700520e-01
9.392498703437378582e-01
8.857835383404500940e-01
9.445153585286376607e-01
9.911865134929055410e-01
9.912994580282670221e-01
9.827346773898560928e-01
9.447998433614970271e-01
9.717180305844492771e-01
9.231429822725204515e-01
9.517015006055400406e-01
9.678538421551692306e-01
9.392134063382296949e-01
9.633660839173628920e-01
8.949829079790451170e-01
9.863640432960352200e-01
9.254297704898929444e-01
9.630691643830676663e-01
9.513270765060083400e-01
9.715272113304194157e-01
9.605865787095554387e-01
9.876005804046446013e-01
9.590010539998209405e-01
9.400167174331097719e-01
8.805517924159762533e-01
9.735660701473938250e-01
9.683376380345168899e-01
9.923013828037298145e-01
9.901516093297277887e-01
9.679692904234818984e-01
9.686955026827290816e-01
9.962629493762341637e-01
9.748229298221844363e-01
8.864197488825373838e-01
9.979324621437624110e-01
9.792211674011627176e-01
9.332110784169695972e-01
9.577087153846119971e-01
9.335445067482140979e-01
9.707810485716944493e-01
9.880479356874531938e-01
9.512506034551035938e-01
8.956677257982613716e-01
9.402038586266590059e-01
9.527753278732181696e-01
9.050053157533169967e-01
9.030457509109135472e-01
9.583485089031678061e-01
7.957401794428931030e-01
9.294742686048566016e-01
9.263139436311619290e-01
8.479470035827337826e-01
8.839426281887694525e-01
9.176044654760396879e-01
9.242279001726716459e-01
9.515588728540680385e-01
9.729796246867872256e-01
8.301242782768595285e-01
7.919447967080673889e-01
9.121618988266979589e-01
9.743720815153625869e-01
9.849093005536413425e-01
9.709285208698255065e-01
9.910452725237784977e-01
9.478401724723715116e-01
9.906685002096918824e-01
7.865708253620714574e-01
9.948922524100837217e-01
9.863276622794424631e-01
9.841130057841913636e-01
