9.486235897612937951e-01
9.706463801972389227e-01
9.611292831465563236e-01
9.416870579445481004e-01
9.547090232325640136e-01
9.701409947414293411e-01
9.633358645161059775e-01
9.668020290825024565e-01
9.567953375073031674e-01
9.825631356590475152e-01
9.477217314712488294e-01
9.437505817368714300e-01
9.737044914732693179e-01
9.339457978755973944e-01
7.773910523458745780e-01
7.894163426443342457e-01
9.447981460463208414e-01
8.424152069520663977e-01
9.175539370746327306e-01
9.157643807920529122e-01
9.867781963483476249e-01
8.962785616820947432e-01
9.214658355616117680e-01
8.828733721381202271e-01
9.567808264374492166e-01
9.213092233909373485e-01
9.227537526357202369e-01
9.181860523606774072e-01
8.864429986088051550e-01
9.040330598251997696e-01
9.756712940203964290e-01
7.833190176014982464e-01
7.974321542370484961e-01
7.963716865456961225e-01
5.746134412965284710e-01
8.687522867476820121e-01
8.709914692695924776e-01
9.868558524774160290e-01
9.279189356120163268e-01
9.356599356320883798e-01
5.398925258454895237e-01
8.653992541742220324e-01
8.739319972817056748e-01
9.040669656386322028e-01
8.669246664857372942e-01
7.987325373709837084e-01
7.044411068097850004e-01
5.136857479011457395e-01
8.922855072205287952e-01
8.876313845458123630e-01
8.883975898256730730e-01
8.324407438964749328e-01
6.755244483729814231e-01
6.715726503568157923e-01
7.878857058113744039e-01
8.078132029677349557e-01
8.650143650629733560e-01
8.580382205237772064e-01
8.860355062277275318e-01
8.102711470382011338e-01
8.483573139049291889e-01
7.798599592200908814e-01
8.280660434337854259e-01
8.151421266959635314e-01
7.007011015876863924e-01
7.284884607546063817e-01
2.962730073906296724e-01
7.500724460365879587e-01
6.455855012631750434e-01
7.622474958901135356e-01
8.367161568350670597e-01
7.397885388440850196e-01
5.817719236024562202e-01
6.146366548383851436e-01
2.725206879729076825e-01
5.218913921419036095e-01
3.867392183841850128e-01
4.195128087966148445e-01
6.884124180361677059e-01
7.377919285284512130e-01
9.762953687418922666e-01
8.108435465966524758e-01
8.672944297064421049e-01
8.148837405619391294e-01
7.090388627270313160e-01
5.871667252211058008e-01
7.456093964873251601e-01
7.646193270296435252e-01
7.052480080338611179e-01
7.419893798595367240e-01
7.407416210596260431e-01
9.160284714431184971e-01
8.946372562468331013e-01
6.229712311903705668e-01
7.651898915165371573e-01
8.566993901381523280e-01
8.311795225322282654e-01
9.387505125240431791e-01
3.020015852456188754e-01
9.557299444261883048e-01
7.107868641755112904e-01
8.804055232570733303e-01
9.428647756027339621e-01
9.281538220929934635e-01
9.316265508368876125e-01
7.747395812880197852e-01
8.975266460764206311e-01
9.585170944220173794e-01
6.402302314517037685e-01
7.055028514635459658e-01
9.630704396801951228e-01
8.885306768257391630e-01
4.577190855204111841e-01
4.925674205679234086e-01
6.127994826973851561e-01
8.514002560249194218e-01
9.356466440683802732e-01
8.416003947261250229e-01
5.681081854561660371e-01
7.776422722429398027e-01
8.381819259437712777e-01
6.663085881971914093e-01
6.340690492678713319e-01
8.753330757085215907e-01
5.042933391405112209e-01
8.478397570299236463e-01
8.420676771004098615e-01
6.620806114919128849e-01
6.140860617953388667e-01
7.762300614477058991e-01
8.910159599914478923e-01
8.689062870157802099e-01
8.372657432995485038e-01
7.316464892920976348e-01
7.634338004456379112e-01
6.475623261882159643e-01
9.615244089191247179e-01
9.383494646634572556e-01
9.063586689620881653e-01
9.414722914836995971e-01
8.187201925686536930e-01
9.069350915608315189e-01
5.156686587071817041e-01
9.732284794206308431e-01
9.821249015471346100e-01
9.634521126682632497e-01
